0 	 	 -63
3.39564e-05 	 	 -63
0.0287472 	 	 -63.0005
0.0874558 	 	 -63.0017
0.146164 	 	 -63.003
0.268889 	 	 -63.0058
0.391613 	 	 -63.0089
0.591179 	 	 -63.0144
0.966828 	 	 -63.0255
1.34248 	 	 -63.037
1.71813 	 	 -63.0484
2.09378 	 	 -63.0593
2.70104 	 	 -63.0757
3.3083 	 	 -63.0905
3.91556 	 	 -63.1038
4.92682 	 	 -63.1231
5.93809 	 	 -63.1394
6.94935 	 	 -63.1535
7.96061 	 	 -63.1657
8.97188 	 	 -63.1764
9.98314 	 	 -63.1858
10.9944 	 	 -63.1941
12.6186 	 	 -63.2055
14.2428 	 	 -63.2149
19.214 	 	 -63.2348
20.1768 	 	 -63.2376
20.1768 	 	 -63.2376
20.1768 	 	 -61.8962
20.1768 	 	 -60.5836
20.1768 	 	 -56.2215
20.1769 	 	 -52.1424
20.1769 	 	 -48.3517
20.1769 	 	 -41.3671
20.177 	 	 -35.3934
20.177 	 	 -30.2936
20.1771 	 	 -25.943
20.1771 	 	 -22.2324
20.1772 	 	 -19.068
20.1772 	 	 -16.3692
20.1773 	 	 -14.0673
20.1773 	 	 -12.104
20.1774 	 	 -10.4292
20.1774 	 	 -8.3644
20.1775 	 	 -6.74616
20.1776 	 	 -5.47518
20.1777 	 	 -3.8686
20.1778 	 	 -2.81431
20.178 	 	 -2.11076
20.1781 	 	 -1.63702
20.1782 	 	 -1.31771
20.1783 	 	 -1.10314
20.1785 	 	 -0.95938
20.1786 	 	 -0.86312
20.1788 	 	 -0.772978
20.179 	 	 -0.726527
20.1792 	 	 -0.700272
20.1794 	 	 -0.684273
20.1797 	 	 -0.672049
20.1801 	 	 -0.665915
20.1806 	 	 -0.661633
20.1811 	 	 -0.657757
20.1816 	 	 -0.653552
20.1835 	 	 -0.642422
20.1854 	 	 -0.632848
20.1873 	 	 -0.62425
20.1914 	 	 -0.607966
20.1955 	 	 -0.594505
20.1997 	 	 -0.583564
20.2065 	 	 -0.570164
20.2133 	 	 -0.561433
20.22 	 	 -0.556398
20.2268 	 	 -0.554374
20.2336 	 	 -0.55487
20.2404 	 	 -0.557513
20.2472 	 	 -0.562006
20.254 	 	 -0.568111
20.2608 	 	 -0.57564
20.273 	 	 -0.592268
20.2851 	 	 -0.612317
20.2973 	 	 -0.635168
20.3094 	 	 -0.660448
20.3301 	 	 -0.708013
20.3507 	 	 -0.759603
20.3713 	 	 -0.814319
20.392 	 	 -0.870485
20.4126 	 	 -0.925358
20.4332 	 	 -0.975726
20.4663 	 	 -1.038
20.4994 	 	 -1.06846
20.5326 	 	 -1.0456
20.5657 	 	 -0.967357
20.5988 	 	 -0.836914
20.6319 	 	 -0.663732
20.665 	 	 -0.467551
20.6981 	 	 -0.276761
20.7312 	 	 -0.120494
20.7892 	 	 -0.00263229
20.8472 	 	 -0.165217
20.9053 	 	 -0.649219
20.9633 	 	 -1.4605
21.0213 	 	 -2.54724
21.0793 	 	 -3.85069
21.1374 	 	 -5.32132
21.1954 	 	 -6.91717
21.2534 	 	 -8.60107
21.3114 	 	 -10.3411
21.3695 	 	 -12.1121
21.4275 	 	 -13.8951
21.4855 	 	 -15.6769
21.5435 	 	 -17.4488
21.6015 	 	 -19.2055
21.6596 	 	 -20.9446
21.7512 	 	 -23.654
21.8428 	 	 -26.3198
21.9344 	 	 -28.9417
22.026 	 	 -31.5133
22.1176 	 	 -34.0166
22.2092 	 	 -36.419
22.3008 	 	 -38.6805
22.3924 	 	 -40.7633
22.4839 	 	 -42.641
22.5755 	 	 -44.3039
22.6671 	 	 -45.7582
22.7587 	 	 -47.0216
22.8503 	 	 -48.1169
22.9419 	 	 -49.0672
23.0335 	 	 -49.8935
23.1727 	 	 -50.9519
23.3119 	 	 -51.8199
23.4511 	 	 -52.5405
23.5903 	 	 -53.1466
23.7295 	 	 -53.663
23.949 	 	 -54.3403
24.1684 	 	 -54.894
24.3879 	 	 -55.3573
24.6074 	 	 -55.7526
24.8269 	 	 -56.0964
25.0463 	 	 -56.4002
25.4122 	 	 -56.8398
25.778 	 	 -57.2162
26.1438 	 	 -57.5437
26.5096 	 	 -57.8325
26.8754 	 	 -58.0908
27.4564 	 	 -58.4522
27.615 	 	 -58.5414
27.615 	 	 -58.5414
27.615 	 	 -57.2519
27.615 	 	 -55.9911
27.615 	 	 -51.8577
27.6151 	 	 -47.9994
27.6151 	 	 -44.4207
27.6151 	 	 -37.5895
27.6152 	 	 -31.8097
27.6152 	 	 -26.93
27.6153 	 	 -22.8137
27.6153 	 	 -19.3425
27.6154 	 	 -16.4155
27.6154 	 	 -13.9472
27.6155 	 	 -11.8658
27.6155 	 	 -10.1104
27.6156 	 	 -8.62981
27.6157 	 	 -7.3809
27.6157 	 	 -6.32732
27.6158 	 	 -4.97564
27.6159 	 	 -3.95148
27.616 	 	 -3.17394
27.6161 	 	 -2.20737
27.6163 	 	 -1.62226
27.6164 	 	 -1.25607
27.6166 	 	 -1.02224
27.6167 	 	 -0.872589
27.6169 	 	 -0.777585
27.617 	 	 -0.717764
27.6173 	 	 -0.666659
27.6175 	 	 -0.64337
27.6182 	 	 -0.648228
27.6188 	 	 -0.661576
27.6195 	 	 -0.635223
27.6202 	 	 -0.602757
27.6208 	 	 -0.592881
27.6221 	 	 -0.585647
27.6235 	 	 -0.58472
27.6248 	 	 -0.581888
27.6268 	 	 -0.57457
27.6288 	 	 -0.566599
27.6308 	 	 -0.559746
27.6359 	 	 -0.545438
27.6411 	 	 -0.534924
27.6462 	 	 -0.527093
27.6513 	 	 -0.521439
27.6564 	 	 -0.517774
27.6615 	 	 -0.515863
27.6694 	 	 -0.515866
27.6774 	 	 -0.518873
27.6853 	 	 -0.524371
27.6986 	 	 -0.538171
27.7119 	 	 -0.556773
27.7252 	 	 -0.579501
27.7385 	 	 -0.60589
27.7518 	 	 -0.635364
27.7651 	 	 -0.667381
27.7875 	 	 -0.725942
27.81 	 	 -0.789004
27.8325 	 	 -0.854032
27.855 	 	 -0.920202
27.8774 	 	 -0.984997
27.8999 	 	 -1.04473
27.9358 	 	 -1.11971
27.9716 	 	 -1.16583
28.0075 	 	 -1.16623
28.0433 	 	 -1.13543
28.0792 	 	 -1.09441
28.1151 	 	 -1.06284
28.1509 	 	 -1.06182
28.1868 	 	 -1.11533
28.2438 	 	 -1.36252
28.3009 	 	 -1.85947
28.3579 	 	 -2.60768
28.415 	 	 -3.57201
28.472 	 	 -4.70931
28.5291 	 	 -5.98196
28.5861 	 	 -7.35769
28.6432 	 	 -8.80651
28.739 	 	 -11.3415
28.8349 	 	 -13.8948
28.9308 	 	 -16.3618
29.0267 	 	 -18.672
29.1226 	 	 -20.7877
29.2185 	 	 -22.6776
29.3144 	 	 -24.2839
29.4103 	 	 -25.5546
29.5061 	 	 -26.4597
29.5722 	 	 -26.8709
29.6383 	 	 -27.1207
29.7044 	 	 -27.2254
29.7704 	 	 -27.2058
29.8365 	 	 -27.086
29.9026 	 	 -26.893
29.9686 	 	 -26.6536
30.0347 	 	 -26.392
30.1008 	 	 -26.1292
30.1668 	 	 -25.8847
30.2329 	 	 -25.6777
30.2768 	 	 -25.5696
30.3208 	 	 -25.4907
30.3647 	 	 -25.4451
30.4087 	 	 -25.4367
30.4526 	 	 -25.4692
30.4965 	 	 -25.5462
30.5405 	 	 -25.671
30.5844 	 	 -25.8468
30.6284 	 	 -26.0764
30.6723 	 	 -26.3625
30.7162 	 	 -26.7075
30.7602 	 	 -27.1131
30.8041 	 	 -27.5808
30.8481 	 	 -28.1111
30.892 	 	 -28.7034
30.9359 	 	 -29.3558
30.9799 	 	 -30.0651
31.0238 	 	 -30.8263
31.0678 	 	 -31.6327
31.1117 	 	 -32.476
31.1556 	 	 -33.3467
31.1996 	 	 -34.2347
31.2435 	 	 -35.1297
31.2875 	 	 -36.0216
31.3314 	 	 -36.9012
31.3992 	 	 -38.2181
31.4671 	 	 -39.4656
31.5349 	 	 -40.6285
31.6028 	 	 -41.699
31.6706 	 	 -42.6754
31.7385 	 	 -43.56
31.8063 	 	 -44.3576
31.8741 	 	 -45.0744
31.942 	 	 -45.7174
32.0098 	 	 -46.2937
32.0777 	 	 -46.8101
32.1455 	 	 -47.2731
32.2133 	 	 -47.6889
32.2812 	 	 -48.0628
32.349 	 	 -48.3997
32.4169 	 	 -48.7041
32.5207 	 	 -49.1157
32.6245 	 	 -49.4721
32.7897 	 	 -49.9487
32.9548 	 	 -50.3409
33.1199 	 	 -50.6708
33.285 	 	 -50.954
33.4502 	 	 -51.202
33.6153 	 	 -51.4231
33.7804 	 	 -51.6235
33.9456 	 	 -51.8078
34.1107 	 	 -51.9794
34.3634 	 	 -52.2231
34.3634 	 	 -52.2231
34.3634 	 	 -51.0067
34.3634 	 	 -49.819
34.3634 	 	 -46.003
34.3635 	 	 -42.4504
34.3635 	 	 -39.1651
34.3635 	 	 -32.5111
34.3636 	 	 -26.9864
34.3637 	 	 -22.4122
34.3637 	 	 -18.629
34.3638 	 	 -15.5016
34.3638 	 	 -12.9164
34.3639 	 	 -10.7795
34.3639 	 	 -9.01295
34.364 	 	 -7.55248
34.3641 	 	 -6.3449
34.3641 	 	 -5.3463
34.3642 	 	 -4.52043
34.3643 	 	 -3.51395
34.3644 	 	 -2.76961
34.3644 	 	 -2.21744
34.3646 	 	 -1.57886
34.3648 	 	 -1.19628
34.3649 	 	 -0.958348
34.3651 	 	 -0.807176
34.3652 	 	 -0.711025
34.3654 	 	 -0.650457
34.3656 	 	 -0.600369
34.3659 	 	 -0.577047
34.3661 	 	 -0.564432
34.3665 	 	 -0.553978
34.3669 	 	 -0.547861
34.3675 	 	 -0.539104
34.3682 	 	 -0.53384
34.3689 	 	 -0.533387
34.3701 	 	 -0.530442
34.3713 	 	 -0.526252
34.3734 	 	 -0.518523
34.377 	 	 -0.506017
34.3805 	 	 -0.496453
34.3841 	 	 -0.488375
34.3877 	 	 -0.481408
34.3934 	 	 -0.472973
34.3991 	 	 -0.467358
34.4048 	 	 -0.464107
34.4136 	 	 -0.462975
34.4224 	 	 -0.465748
34.4312 	 	 -0.471691
34.4454 	 	 -0.48666
34.4595 	 	 -0.507245
34.4737 	 	 -0.532855
34.4878 	 	 -0.56297
34.502 	 	 -0.596997
34.5161 	 	 -0.63448
34.5389 	 	 -0.701227
34.5617 	 	 -0.775936
34.5844 	 	 -0.85736
34.6072 	 	 -0.946384
34.63 	 	 -1.04243
34.6528 	 	 -1.14408
34.6907 	 	 -1.32202
34.7287 	 	 -1.52032
34.7667 	 	 -1.72116
34.8047 	 	 -1.95418
34.8426 	 	 -2.24736
34.8806 	 	 -2.60901
34.9186 	 	 -3.03953
34.9566 	 	 -3.54427
35.0138 	 	 -4.46393
35.0711 	 	 -5.54871
35.1283 	 	 -6.77196
35.1855 	 	 -8.16065
35.2428 	 	 -9.61983
35.3 	 	 -11.1068
35.3573 	 	 -12.6121
35.4145 	 	 -14.1313
35.4717 	 	 -15.6534
35.529 	 	 -17.1665
35.6191 	 	 -19.5182
35.7093 	 	 -21.8094
35.7994 	 	 -24.0242
35.8896 	 	 -26.1573
35.9798 	 	 -28.2105
36.0699 	 	 -30.1862
36.1601 	 	 -32.0823
36.2502 	 	 -33.8912
36.3404 	 	 -35.6028
36.4305 	 	 -37.2047
36.5207 	 	 -38.6849
36.6109 	 	 -40.0335
36.701 	 	 -41.2454
36.7912 	 	 -42.3208
36.8813 	 	 -43.265
36.9715 	 	 -44.0871
37.0616 	 	 -44.7985
37.1518 	 	 -45.411
37.2419 	 	 -45.936
37.3321 	 	 -46.3837
37.3838 	 	 -46.6092
37.4355 	 	 -46.8135
37.4872 	 	 -46.9978
37.5389 	 	 -47.1631
37.5714 	 	 -47.2575
37.6038 	 	 -47.3449
37.6363 	 	 -47.4254
37.6688 	 	 -47.4991
37.7012 	 	 -47.5661
37.7337 	 	 -47.6266
37.7662 	 	 -47.6808
37.7987 	 	 -47.7289
37.8311 	 	 -47.7709
37.8636 	 	 -47.8073
37.8961 	 	 -47.8381
37.9285 	 	 -47.8639
37.9878 	 	 -47.8987
38.0471 	 	 -47.9198
38.1064 	 	 -47.9297
38.196 	 	 -47.9294
38.2856 	 	 -47.9194
38.3751 	 	 -47.9089
38.4647 	 	 -47.9065
38.5543 	 	 -47.9191
38.6439 	 	 -47.9521
38.7335 	 	 -48.0089
38.823 	 	 -48.0913
38.9126 	 	 -48.1991
39.0022 	 	 -48.3309
39.0918 	 	 -48.4833
39.1814 	 	 -48.6527
39.2709 	 	 -48.8349
39.3605 	 	 -49.0259
39.4501 	 	 -49.2223
39.5397 	 	 -49.4211
39.6293 	 	 -49.6198
39.7765 	 	 -49.9413
39.9237 	 	 -50.2511
40.071 	 	 -50.5449
40.2182 	 	 -50.8205
40.3654 	 	 -51.0773
40.5127 	 	 -51.3157
40.6599 	 	 -51.5363
40.8071 	 	 -51.7406
40.9544 	 	 -51.9298
41.1016 	 	 -52.1053
41.3332 	 	 -52.3569
41.5648 	 	 -52.5829
41.7964 	 	 -52.7877
42.2389 	 	 -53.1331
42.6813 	 	 -53.4343
43.1237 	 	 -53.7046
43.5661 	 	 -53.9524
44.0085 	 	 -54.1831
44.7598 	 	 -54.5469
45.5111 	 	 -54.8838
46.2624 	 	 -55.1985
47.0136 	 	 -55.4939
47.7649 	 	 -55.7726
48.5162 	 	 -56.0364
48.7355 	 	 -56.1107
48.7355 	 	 -56.1107
48.7355 	 	 -54.8488
48.7355 	 	 -53.6157
48.7355 	 	 -49.603
48.7356 	 	 -45.8611
48.7356 	 	 -42.3941
48.7356 	 	 -35.6361
48.7357 	 	 -29.9557
48.7357 	 	 -25.1921
48.7358 	 	 -21.2013
48.7359 	 	 -17.8589
48.7359 	 	 -15.0599
48.736 	 	 -12.7158
48.736 	 	 -10.7527
48.7361 	 	 -9.10839
48.7361 	 	 -7.73104
48.7362 	 	 -6.57717
48.7362 	 	 -5.61042
48.7363 	 	 -4.39273
48.7364 	 	 -3.4778
48.7365 	 	 -2.78874
48.7366 	 	 -1.9558
48.7368 	 	 -1.45257
48.7369 	 	 -1.13797
48.7371 	 	 -0.937262
48.7372 	 	 -0.808984
48.7374 	 	 -0.727688
48.7376 	 	 -0.67659
48.7378 	 	 -0.632265
48.7381 	 	 -0.612775
48.7387 	 	 -0.610432
48.7393 	 	 -0.611877
48.7398 	 	 -0.594982
48.7404 	 	 -0.577657
48.741 	 	 -0.572233
48.7422 	 	 -0.567771
48.7433 	 	 -0.56488
48.7444 	 	 -0.560869
48.7479 	 	 -0.548721
48.7544 	 	 -0.5456
48.758 	 	 -0.514316
48.7617 	 	 -0.509922
48.7653 	 	 -0.508058
48.769 	 	 -0.501625
48.7726 	 	 -0.49701
48.7797 	 	 -0.49114
48.7867 	 	 -0.48959
48.7938 	 	 -0.491433
48.8008 	 	 -0.494232
48.8079 	 	 -0.498101
48.8186 	 	 -0.50668
48.8293 	 	 -0.518033
48.8462 	 	 -0.539186
48.863 	 	 -0.563826
48.8799 	 	 -0.591752
48.8968 	 	 -0.621175
48.9136 	 	 -0.65028
48.9305 	 	 -0.677927
48.9474 	 	 -0.702846
48.9642 	 	 -0.723516
48.9811 	 	 -0.738251
49.0065 	 	 -0.74528
49.032 	 	 -0.728426
49.0574 	 	 -0.681522
49.0828 	 	 -0.59879
49.1083 	 	 -0.477492
49.1337 	 	 -0.320262
49.1591 	 	 -0.133895
49.1846 	 	 0.0735642
49.21 	 	 0.292914
49.2355 	 	 0.512022
49.2741 	 	 0.814117
49.3127 	 	 1.0411
49.3514 	 	 1.16123
49.39 	 	 1.15609
49.4287 	 	 1.01874
49.4673 	 	 0.751983
49.5319 	 	 0.0450274
49.5964 	 	 -0.930485
49.661 	 	 -2.1108
49.7255 	 	 -3.41311
49.79 	 	 -4.74506
49.8546 	 	 -6.03947
49.9191 	 	 -7.25668
49.9837 	 	 -8.35222
50.0482 	 	 -9.30877
50.1128 	 	 -10.1454
50.1773 	 	 -10.9211
50.2419 	 	 -11.7139
50.3064 	 	 -12.5868
50.371 	 	 -13.5715
50.4355 	 	 -14.6768
50.5001 	 	 -15.9034
50.5646 	 	 -17.2419
50.6291 	 	 -18.6724
50.6749 	 	 -19.7276
50.7207 	 	 -20.8088
50.7665 	 	 -21.9127
50.8122 	 	 -23.0361
50.858 	 	 -24.1743
50.9038 	 	 -25.3233
50.9496 	 	 -26.4814
50.9953 	 	 -27.6485
51.0411 	 	 -28.8245
51.0869 	 	 -30.0082
51.1327 	 	 -31.1972
51.1784 	 	 -32.3878
51.2242 	 	 -33.5757
51.27 	 	 -34.7552
51.3158 	 	 -35.9182
51.3615 	 	 -37.0553
51.4073 	 	 -38.1572
51.4531 	 	 -39.2163
51.4989 	 	 -40.2258
51.5446 	 	 -41.1797
51.5904 	 	 -42.0737
51.6362 	 	 -42.9063
51.682 	 	 -43.678
51.7277 	 	 -44.3895
51.7735 	 	 -45.0423
51.8193 	 	 -45.6392
51.865 	 	 -46.1838
51.9108 	 	 -46.6795
51.9566 	 	 -47.1296
52.0024 	 	 -47.5374
52.0481 	 	 -47.9067
52.0939 	 	 -48.2407
52.1397 	 	 -48.5426
52.1855 	 	 -48.8151
52.2542 	 	 -49.1751
52.3229 	 	 -49.4839
52.3916 	 	 -49.7488
52.4603 	 	 -49.9762
52.529 	 	 -50.1719
52.5977 	 	 -50.3407
52.6664 	 	 -50.4868
52.7801 	 	 -50.6885
52.8938 	 	 -50.8511
53.0075 	 	 -50.9849
53.1212 	 	 -51.0976
53.2348 	 	 -51.195
53.3485 	 	 -51.2813
53.4622 	 	 -51.3596
53.5759 	 	 -51.4323
53.7563 	 	 -51.5397
53.9367 	 	 -51.6412
54.1171 	 	 -51.7393
54.2975 	 	 -51.8356
54.4778 	 	 -51.9308
54.6582 	 	 -52.0254
54.9763 	 	 -52.1906
55.2943 	 	 -52.3543
55.6123 	 	 -52.5166
55.9303 	 	 -52.6775
56.2483 	 	 -52.8364
56.5663 	 	 -52.9929
56.8843 	 	 -53.1467
57.2024 	 	 -53.2978
57.5204 	 	 -53.4462
57.8384 	 	 -53.5917
58.3701 	 	 -53.8281
58.9017 	 	 -54.0563
59.4334 	 	 -54.2762
59.9651 	 	 -54.4879
60.8089 	 	 -54.808
60.8089 	 	 -54.808
60.8089 	 	 -53.5612
60.8089 	 	 -52.3431
60.8089 	 	 -48.3958
60.809 	 	 -44.7168
60.809 	 	 -41.3103
60.809 	 	 -34.5893
60.8091 	 	 -28.9616
60.8092 	 	 -24.261
60.8092 	 	 -20.3387
60.8093 	 	 -17.067
60.8093 	 	 -14.3383
60.8094 	 	 -12.0624
60.8094 	 	 -10.164
60.8095 	 	 -8.5804
60.8095 	 	 -7.25925
60.8096 	 	 -6.15693
60.8096 	 	 -5.2371
60.8097 	 	 -4.09064
60.8098 	 	 -3.23346
60.8099 	 	 -2.59093
60.8101 	 	 -1.82568
60.8102 	 	 -1.3643
60.8104 	 	 -1.07622
60.8105 	 	 -0.89262
60.8107 	 	 -0.775424
60.8108 	 	 -0.701267
60.811 	 	 -0.654735
60.8112 	 	 -0.614087
60.8115 	 	 -0.596608
60.8121 	 	 -0.593474
60.8127 	 	 -0.592698
60.8132 	 	 -0.578108
60.8138 	 	 -0.564167
60.8148 	 	 -0.549989
60.8157 	 	 -0.548122
60.8167 	 	 -0.550527
60.8188 	 	 -0.547571
60.821 	 	 -0.537574
60.8231 	 	 -0.528576
60.8252 	 	 -0.522055
60.8291 	 	 -0.51207
60.8351 	 	 -0.49995
60.8411 	 	 -0.49131
60.8471 	 	 -0.48545
60.853 	 	 -0.481892
60.859 	 	 -0.480289
60.865 	 	 -0.480355
60.871 	 	 -0.48185
60.8807 	 	 -0.486927
60.8905 	 	 -0.494646
60.9003 	 	 -0.50445
60.9156 	 	 -0.522951
60.9308 	 	 -0.544534
60.946 	 	 -0.568367
60.9613 	 	 -0.593748
60.9765 	 	 -0.619725
60.9917 	 	 -0.645281
61.019 	 	 -0.68652
61.0462 	 	 -0.717927
61.0735 	 	 -0.731115
61.1008 	 	 -0.721602
61.128 	 	 -0.682435
61.1553 	 	 -0.606341
61.1826 	 	 -0.489991
61.2098 	 	 -0.336074
61.2371 	 	 -0.152047
61.2643 	 	 0.0513974
61.3063 	 	 0.372164
61.3483 	 	 0.651754
61.3902 	 	 0.843013
61.4322 	 	 0.914988
61.4741 	 	 0.849133
61.5374 	 	 0.472803
61.6007 	 	 -0.210868
61.664 	 	 -1.13559
61.7273 	 	 -2.23646
61.7906 	 	 -3.45521
61.8539 	 	 -4.72504
61.9172 	 	 -5.97335
61.9805 	 	 -7.14115
62.0438 	 	 -8.19643
62.1071 	 	 -9.13805
62.1704 	 	 -9.99035
62.2336 	 	 -10.8029
62.2969 	 	 -11.6365
62.3602 	 	 -12.5443
62.4235 	 	 -13.5589
62.4868 	 	 -14.6904
62.5501 	 	 -15.9318
62.6134 	 	 -17.2665
62.6767 	 	 -18.6755
62.74 	 	 -20.141
62.8033 	 	 -21.6483
62.8666 	 	 -23.1857
62.9299 	 	 -24.7446
62.9932 	 	 -26.3184
63.0565 	 	 -27.9036
63.1197 	 	 -29.4989
63.183 	 	 -31.1024
63.2463 	 	 -32.7083
63.2863 	 	 -33.7175
63.3262 	 	 -34.7185
63.3661 	 	 -35.7064
63.4061 	 	 -36.676
63.446 	 	 -37.622
63.486 	 	 -38.5391
63.5259 	 	 -39.4223
63.5658 	 	 -40.2675
63.6058 	 	 -41.0713
63.6457 	 	 -41.8315
63.6856 	 	 -42.547
63.7256 	 	 -43.2172
63.7655 	 	 -43.8425
63.8338 	 	 -44.8118
63.9022 	 	 -45.6607
63.9705 	 	 -46.3989
64.0745 	 	 -47.335
64.1406 	 	 -47.827
64.2067 	 	 -48.2512
64.2727 	 	 -48.6162
64.3388 	 	 -48.93
64.4048 	 	 -49.1996
64.4709 	 	 -49.4312
64.5369 	 	 -49.6303
64.603 	 	 -49.8017
64.6691 	 	 -49.9497
64.774 	 	 -50.1451
64.879 	 	 -50.3022
64.9839 	 	 -50.4306
65.0889 	 	 -50.5374
65.1939 	 	 -50.6283
65.2988 	 	 -50.7073
65.4038 	 	 -50.7777
65.5088 	 	 -50.842
65.6137 	 	 -50.9019
65.783 	 	 -50.9925
65.9523 	 	 -51.0787
66.1215 	 	 -51.1625
66.2908 	 	 -51.2451
66.4601 	 	 -51.3271
66.6294 	 	 -51.4089
66.7986 	 	 -51.4907
67.0631 	 	 -51.6188
67.3276 	 	 -51.7468
67.5921 	 	 -51.8746
67.8566 	 	 -52.0018
68.1211 	 	 -52.1282
68.5824 	 	 -52.346
69.3368 	 	 -52.693
70.0912 	 	 -53.0264
70.8455 	 	 -53.3454
71.5999 	 	 -53.65
72.3543 	 	 -53.9407
73.1087 	 	 -54.218
73.8631 	 	 -54.4827
74.6174 	 	 -54.7356
75.3718 	 	 -54.9775
76.6677 	 	 -55.3695
77.9635 	 	 -55.7352
79.2593 	 	 -56.0778
81.2926 	 	 -56.5756
83.3259 	 	 -57.0328
85.3592 	 	 -57.4564
87.3925 	 	 -57.852
90.6635 	 	 -58.4392
93.9345 	 	 -58.9759
97.2056 	 	 -59.469
100.477 	 	 -59.9241
103.748 	 	 -60.3437
107.019 	 	 -60.7294
110.29 	 	 -61.0827
113.561 	 	 -61.4049
118.934 	 	 -61.8703
124.308 	 	 -62.2604
129.682 	 	 -62.5818
134.103 	 	 -62.7998
134.103 	 	 -62.7998
134.103 	 	 -61.4631
134.103 	 	 -60.1553
134.103 	 	 -55.8142
134.103 	 	 -51.7556
134.103 	 	 -47.9844
134.103 	 	 -41.0146
134.103 	 	 -35.059
134.103 	 	 -29.9795
134.103 	 	 -25.6503
134.103 	 	 -21.9616
134.103 	 	 -18.8188
134.103 	 	 -16.141
134.103 	 	 -13.8593
134.104 	 	 -11.915
134.104 	 	 -10.2581
134.104 	 	 -8.22176
134.104 	 	 -6.62737
134.104 	 	 -5.37628
134.104 	 	 -3.80195
134.104 	 	 -2.76853
134.104 	 	 -2.07874
134.104 	 	 -1.61416
134.104 	 	 -1.30099
134.105 	 	 -1.09051
134.105 	 	 -0.949459
134.105 	 	 -0.854998
134.105 	 	 -0.766246
134.105 	 	 -0.720665
134.105 	 	 -0.694931
134.106 	 	 -0.679239
134.106 	 	 -0.667246
134.106 	 	 -0.661219
134.107 	 	 -0.656996
134.107 	 	 -0.653145
134.108 	 	 -0.648956
134.11 	 	 -0.637772
134.112 	 	 -0.628143
134.114 	 	 -0.619505
134.118 	 	 -0.603248
134.122 	 	 -0.589844
134.126 	 	 -0.578985
134.133 	 	 -0.565745
134.14 	 	 -0.557203
134.147 	 	 -0.552368
134.154 	 	 -0.550545
134.161 	 	 -0.551241
134.167 	 	 -0.554079
134.174 	 	 -0.558762
134.181 	 	 -0.565051
134.188 	 	 -0.572757
134.2 	 	 -0.589628
134.213 	 	 -0.609869
134.225 	 	 -0.632853
134.237 	 	 -0.658195
134.258 	 	 -0.705592
134.279 	 	 -0.756644
134.3 	 	 -0.810363
134.32 	 	 -0.864961
134.341 	 	 -0.917547
134.362 	 	 -0.964727
134.395 	 	 -1.01902
134.428 	 	 -1.03929
134.461 	 	 -1.0051
134.494 	 	 -0.914635
134.526 	 	 -0.772022
134.559 	 	 -0.587942
134.592 	 	 -0.382831
134.625 	 	 -0.184948
134.658 	 	 -0.0229921
134.718 	 	 0.10231
134.778 	 	 -0.0826132
134.839 	 	 -0.625248
134.899 	 	 -1.5068
134.959 	 	 -2.67022
135.019 	 	 -4.05384
135.114 	 	 -6.54178
135.208 	 	 -9.26809
135.303 	 	 -12.1004
135.398 	 	 -14.9486
135.492 	 	 -17.7705
135.587 	 	 -20.5073
135.681 	 	 -23.1456
135.776 	 	 -25.6791
135.871 	 	 -28.1101
135.965 	 	 -30.4376
136.06 	 	 -32.6628
136.155 	 	 -34.7896
136.249 	 	 -36.8195
136.344 	 	 -38.7512
136.438 	 	 -40.5767
136.533 	 	 -42.2817
136.628 	 	 -43.8503
136.722 	 	 -45.2709
136.817 	 	 -46.5409
136.911 	 	 -47.6666
137.006 	 	 -48.6598
137.101 	 	 -49.5355
137.195 	 	 -50.3086
137.29 	 	 -50.9929
137.384 	 	 -51.6006
137.479 	 	 -52.1425
137.628 	 	 -52.8852
137.778 	 	 -53.5161
137.927 	 	 -54.0582
138.177 	 	 -54.8135
138.427 	 	 -55.4272
138.676 	 	 -55.9358
138.926 	 	 -56.3644
139.176 	 	 -56.7315
139.425 	 	 -57.0509
139.819 	 	 -57.4811
140.212 	 	 -57.8436
140.606 	 	 -58.1544
140.999 	 	 -58.4251
141.393 	 	 -58.6646
142.034 	 	 -59.0052
143.102 	 	 -59.4785
144.171 	 	 -59.8681
145.24 	 	 -60.1907
145.655 	 	 -60.3012
145.655 	 	 -60.3012
145.655 	 	 -58.992
145.655 	 	 -57.7116
145.655 	 	 -53.4918
145.655 	 	 -49.5502
145.655 	 	 -45.8914
145.655 	 	 -39.0042
145.655 	 	 -33.1519
145.655 	 	 -28.1891
145.655 	 	 -23.9838
145.655 	 	 -20.4215
145.655 	 	 -17.4041
145.655 	 	 -14.8482
145.655 	 	 -12.6829
145.656 	 	 -10.8486
145.656 	 	 -9.29448
145.656 	 	 -7.97762
145.656 	 	 -6.8617
145.656 	 	 -5.41214
145.656 	 	 -4.30776
145.656 	 	 -3.46487
145.656 	 	 -2.39515
145.656 	 	 -1.74762
145.656 	 	 -1.34251
145.657 	 	 -1.08384
145.657 	 	 -0.918281
145.657 	 	 -0.813142
145.657 	 	 -0.746923
145.657 	 	 -0.691066
145.657 	 	 -0.665051
145.658 	 	 -0.667127
145.659 	 	 -0.679711
145.659 	 	 -0.653456
145.66 	 	 -0.621132
145.661 	 	 -0.611136
145.662 	 	 -0.603071
145.663 	 	 -0.602177
145.665 	 	 -0.599562
145.666 	 	 -0.594339
145.669 	 	 -0.583675
145.671 	 	 -0.574094
145.674 	 	 -0.565855
145.679 	 	 -0.55386
145.684 	 	 -0.544683
145.689 	 	 -0.537952
145.698 	 	 -0.530776
145.707 	 	 -0.52906
145.717 	 	 -0.531463
145.726 	 	 -0.537056
145.735 	 	 -0.545325
145.744 	 	 -0.5559
145.753 	 	 -0.568475
145.763 	 	 -0.582795
145.772 	 	 -0.598642
145.788 	 	 -0.628823
145.803 	 	 -0.662048
145.819 	 	 -0.697288
145.835 	 	 -0.733774
145.86 	 	 -0.794297
145.886 	 	 -0.850531
145.912 	 	 -0.899552
145.938 	 	 -0.936596
145.963 	 	 -0.954262
145.989 	 	 -0.944602
146.028 	 	 -0.867208
146.067 	 	 -0.710594
146.107 	 	 -0.486771
146.146 	 	 -0.239748
146.185 	 	 -0.0174091
146.224 	 	 0.139276
146.264 	 	 0.196353
146.303 	 	 0.127906
146.365 	 	 -0.2612
146.426 	 	 -0.983738
146.488 	 	 -1.99643
146.549 	 	 -3.25111
146.611 	 	 -4.69563
146.705 	 	 -7.14317
146.8 	 	 -9.70028
146.895 	 	 -12.1805
146.99 	 	 -14.5709
147.085 	 	 -16.7593
147.179 	 	 -18.6262
147.274 	 	 -20.0787
147.369 	 	 -21.0876
147.428 	 	 -21.5094
147.487 	 	 -21.7996
147.546 	 	 -21.9847
147.604 	 	 -22.0922
147.663 	 	 -22.1518
147.722 	 	 -22.1951
147.781 	 	 -22.2528
147.84 	 	 -22.3507
147.899 	 	 -22.5094
147.958 	 	 -22.7441
148.016 	 	 -23.0665
148.075 	 	 -23.4839
148.134 	 	 -24.0003
148.193 	 	 -24.6166
148.252 	 	 -25.3329
148.311 	 	 -26.1485
148.37 	 	 -27.0631
148.429 	 	 -28.0751
148.487 	 	 -29.1812
148.546 	 	 -30.3745
148.605 	 	 -31.6431
148.645 	 	 -32.5458
148.686 	 	 -33.4693
148.726 	 	 -34.4064
148.766 	 	 -35.3486
148.807 	 	 -36.2871
148.847 	 	 -37.213
148.887 	 	 -38.1189
148.927 	 	 -38.9983
148.968 	 	 -39.8461
149.008 	 	 -40.6583
149.048 	 	 -41.432
149.088 	 	 -42.1655
149.129 	 	 -42.8584
149.195 	 	 -43.9091
149.303 	 	 -45.4018
149.411 	 	 -46.6442
149.477 	 	 -47.293
149.542 	 	 -47.8706
149.608 	 	 -48.3853
149.674 	 	 -48.8447
149.74 	 	 -49.2554
149.806 	 	 -49.6235
149.872 	 	 -49.9543
149.981 	 	 -50.4341
150.09 	 	 -50.8422
150.2 	 	 -51.1937
150.309 	 	 -51.5004
150.419 	 	 -51.7715
150.528 	 	 -52.0141
150.638 	 	 -52.2335
150.747 	 	 -52.4342
150.857 	 	 -52.6192
150.966 	 	 -52.7913
151.136 	 	 -53.0369
151.306 	 	 -53.2611
151.476 	 	 -53.4678
151.646 	 	 -53.6597
151.816 	 	 -53.8388
151.986 	 	 -54.0067
152.156 	 	 -54.1649
152.423 	 	 -54.3971
152.691 	 	 -54.6118
152.958 	 	 -54.8121
153.226 	 	 -55.0001
153.234 	 	 -55.0056
153.234 	 	 -55.0056
153.234 	 	 -53.7565
153.234 	 	 -52.5361
153.234 	 	 -48.5789
153.234 	 	 -44.8903
153.234 	 	 -41.4746
153.234 	 	 -34.7481
153.234 	 	 -29.1125
153.234 	 	 -24.4023
153.234 	 	 -20.4695
153.234 	 	 -17.1871
153.234 	 	 -14.4476
153.234 	 	 -12.1613
153.235 	 	 -10.2531
153.235 	 	 -8.66025
153.235 	 	 -7.33055
153.235 	 	 -6.2204
153.235 	 	 -5.29345
153.235 	 	 -4.13622
153.235 	 	 -3.27034
153.235 	 	 -2.62081
153.235 	 	 -1.84547
153.235 	 	 -1.37784
153.235 	 	 -1.0858
153.236 	 	 -0.899644
153.236 	 	 -0.78079
153.236 	 	 -0.705564
153.236 	 	 -0.658348
153.236 	 	 -0.617145
153.237 	 	 -0.599366
153.237 	 	 -0.596304
153.238 	 	 -0.595796
153.238 	 	 -0.580913
153.239 	 	 -0.566551
153.24 	 	 -0.55289
153.241 	 	 -0.551472
153.242 	 	 -0.553595
153.244 	 	 -0.550875
153.245 	 	 -0.541903
153.247 	 	 -0.533724
153.249 	 	 -0.527729
153.253 	 	 -0.518054
153.258 	 	 -0.505778
153.264 	 	 -0.49694
153.27 	 	 -0.490864
153.275 	 	 -0.487105
153.281 	 	 -0.485362
153.287 	 	 -0.485371
153.292 	 	 -0.48691
153.302 	 	 -0.492466
153.311 	 	 -0.501144
153.321 	 	 -0.512398
153.335 	 	 -0.533578
153.349 	 	 -0.559061
153.364 	 	 -0.58831
153.378 	 	 -0.62094
153.392 	 	 -0.656434
153.407 	 	 -0.694289
153.432 	 	 -0.767072
153.458 	 	 -0.844444
153.484 	 	 -0.922128
153.51 	 	 -0.99999
153.536 	 	 -1.07526
153.562 	 	 -1.14343
153.588 	 	 -1.20156
153.614 	 	 -1.24978
153.66 	 	 -1.31844
153.706 	 	 -1.38507
153.753 	 	 -1.52827
153.799 	 	 -1.75458
153.845 	 	 -2.08757
153.892 	 	 -2.55214
153.938 	 	 -3.16026
153.984 	 	 -3.90713
154.031 	 	 -4.77717
154.077 	 	 -5.75014
154.123 	 	 -6.80511
154.202 	 	 -8.73201
154.28 	 	 -10.7706
154.358 	 	 -12.8375
154.436 	 	 -14.8734
154.514 	 	 -16.8458
154.592 	 	 -18.7354
154.67 	 	 -20.5256
154.748 	 	 -22.2002
154.826 	 	 -23.7454
154.905 	 	 -25.1513
154.983 	 	 -26.4133
155.061 	 	 -27.5325
155.139 	 	 -28.5147
155.217 	 	 -29.3704
155.295 	 	 -30.1162
155.373 	 	 -30.7722
155.451 	 	 -31.3615
155.529 	 	 -31.909
155.608 	 	 -32.4398
155.686 	 	 -32.9778
155.764 	 	 -33.5441
155.813 	 	 -33.9239
155.862 	 	 -34.3251
155.911 	 	 -34.7498
155.961 	 	 -35.1991
156.01 	 	 -35.6729
156.059 	 	 -36.1699
156.108 	 	 -36.6878
156.158 	 	 -37.2232
156.207 	 	 -37.7722
156.235 	 	 -38.0936
156.264 	 	 -38.4171
156.292 	 	 -38.7416
156.321 	 	 -39.0663
156.365 	 	 -39.5726
156.41 	 	 -40.0739
156.454 	 	 -40.5671
156.499 	 	 -41.0497
156.543 	 	 -41.5198
156.588 	 	 -41.9757
156.632 	 	 -42.4162
156.677 	 	 -42.8407
156.721 	 	 -43.2485
156.791 	 	 -43.8576
156.909 	 	 -44.7861
157.026 	 	 -45.608
157.096 	 	 -46.0475
157.165 	 	 -46.4564
157.234 	 	 -46.8372
157.304 	 	 -47.1926
157.373 	 	 -47.5249
157.442 	 	 -47.8362
157.559 	 	 -48.3182
157.676 	 	 -48.7543
157.793 	 	 -49.1514
157.91 	 	 -49.515
158.026 	 	 -49.8494
158.143 	 	 -50.1583
158.26 	 	 -50.4446
158.377 	 	 -50.7107
158.494 	 	 -50.9584
158.61 	 	 -51.1895
158.727 	 	 -51.4054
158.844 	 	 -51.6075
158.961 	 	 -51.7968
159.078 	 	 -51.9745
159.194 	 	 -52.1414
159.385 	 	 -52.3936
159.576 	 	 -52.6232
159.768 	 	 -52.8331
160.052 	 	 -53.1151
160.052 	 	 -53.1151
160.052 	 	 -51.8881
160.052 	 	 -50.6899
160.052 	 	 -46.8283
160.052 	 	 -43.2319
160.052 	 	 -39.9045
160.052 	 	 -33.2284
160.052 	 	 -27.6685
160.052 	 	 -23.0505
160.052 	 	 -19.2188
160.052 	 	 -16.0409
160.052 	 	 -13.4056
160.052 	 	 -11.2201
160.053 	 	 -9.40754
160.053 	 	 -7.90415
160.053 	 	 -6.65705
160.053 	 	 -5.62244
160.053 	 	 -4.76401
160.053 	 	 -3.70944
160.053 	 	 -2.92644
160.053 	 	 -2.3434
160.053 	 	 -1.66223
160.053 	 	 -1.25309
160.053 	 	 -0.998245
160.054 	 	 -0.836126
160.054 	 	 -0.732867
160.054 	 	 -0.667707
160.054 	 	 -0.614118
160.054 	 	 -0.588752
160.055 	 	 -0.575012
160.055 	 	 -0.563761
160.055 	 	 -0.557295
160.056 	 	 -0.54836
160.057 	 	 -0.543037
160.057 	 	 -0.542574
160.059 	 	 -0.539725
160.06 	 	 -0.535621
160.062 	 	 -0.527937
160.065 	 	 -0.515197
160.069 	 	 -0.50541
160.072 	 	 -0.497109
160.076 	 	 -0.489891
160.081 	 	 -0.480969
160.087 	 	 -0.474872
160.093 	 	 -0.471136
160.101 	 	 -0.469239
160.11 	 	 -0.471212
160.119 	 	 -0.476302
160.133 	 	 -0.489659
160.147 	 	 -0.508343
160.161 	 	 -0.531709
160.175 	 	 -0.559172
160.189 	 	 -0.590071
160.203 	 	 -0.623868
160.225 	 	 -0.683391
160.248 	 	 -0.748662
160.27 	 	 -0.817965
160.293 	 	 -0.891381
160.315 	 	 -0.96753
160.338 	 	 -1.04418
160.376 	 	 -1.16855
160.414 	 	 -1.29084
160.452 	 	 -1.39356
160.49 	 	 -1.50269
160.528 	 	 -1.64534
160.566 	 	 -1.83529
160.604 	 	 -2.08155
160.642 	 	 -2.3968
160.68 	 	 -2.79291
160.737 	 	 -3.54099
160.795 	 	 -4.45244
160.852 	 	 -5.50985
160.91 	 	 -6.70057
160.967 	 	 -7.99508
161.025 	 	 -9.34385
161.082 	 	 -10.7007
161.174 	 	 -12.8469
161.266 	 	 -14.8843
161.358 	 	 -16.7426
161.45 	 	 -18.3552
161.542 	 	 -19.6681
161.634 	 	 -20.6705
161.726 	 	 -21.3758
161.818 	 	 -21.8322
161.91 	 	 -22.1155
162.002 	 	 -22.317
162.06 	 	 -22.4443
162.118 	 	 -22.5973
162.176 	 	 -22.7932
162.234 	 	 -23.0451
162.293 	 	 -23.3627
162.351 	 	 -23.7523
162.409 	 	 -24.2182
162.467 	 	 -24.7625
162.525 	 	 -25.3865
162.584 	 	 -26.0909
162.642 	 	 -26.8758
162.7 	 	 -27.7409
162.758 	 	 -28.6848
162.816 	 	 -29.7041
162.848 	 	 -30.2891
162.88 	 	 -30.8933
162.912 	 	 -31.5149
162.943 	 	 -32.1515
162.975 	 	 -32.8007
163.007 	 	 -33.4595
163.038 	 	 -34.1248
163.07 	 	 -34.7932
163.102 	 	 -35.4613
163.133 	 	 -36.1257
163.165 	 	 -36.783
163.221 	 	 -37.9127
163.277 	 	 -38.9967
163.332 	 	 -40.0236
163.388 	 	 -40.9856
163.444 	 	 -41.8787
163.528 	 	 -43.101
163.613 	 	 -44.1674
163.697 	 	 -45.0885
163.782 	 	 -45.8795
163.867 	 	 -46.5564
163.951 	 	 -47.1351
164.036 	 	 -47.6297
164.12 	 	 -48.0533
164.205 	 	 -48.4169
164.289 	 	 -48.7304
164.374 	 	 -49.0018
164.459 	 	 -49.2382
164.543 	 	 -49.4456
164.628 	 	 -49.6287
164.712 	 	 -49.7917
164.797 	 	 -49.938
164.881 	 	 -50.0704
165.046 	 	 -50.2964
165.211 	 	 -50.4906
165.376 	 	 -50.6627
165.541 	 	 -50.8187
165.706 	 	 -50.9627
165.871 	 	 -51.0974
166.036 	 	 -51.225
166.2 	 	 -51.3467
166.365 	 	 -51.4638
166.53 	 	 -51.577
166.788 	 	 -51.7475
167.045 	 	 -51.9116
167.303 	 	 -52.0707
167.806 	 	 -52.37
167.806 	 	 -52.37
167.806 	 	 -51.1519
167.806 	 	 -49.9625
167.806 	 	 -46.1389
167.806 	 	 -42.579
167.806 	 	 -39.2867
167.806 	 	 -32.6291
167.806 	 	 -27.0987
167.806 	 	 -22.5172
167.806 	 	 -18.726
167.806 	 	 -15.5902
167.806 	 	 -12.9966
167.806 	 	 -10.8516
167.807 	 	 -9.07747
167.807 	 	 -7.60987
167.807 	 	 -6.39573
167.807 	 	 -5.39116
167.807 	 	 -4.5599
167.807 	 	 -3.54548
167.807 	 	 -2.79477
167.807 	 	 -2.23752
167.807 	 	 -1.59198
167.807 	 	 -1.20505
167.808 	 	 -0.964354
167.808 	 	 -0.811389
167.808 	 	 -0.714073
167.808 	 	 -0.652752
167.808 	 	 -0.602085
167.808 	 	 -0.578426
167.809 	 	 -0.565625
167.809 	 	 -0.555038
167.809 	 	 -0.548861
167.81 	 	 -0.540068
167.811 	 	 -0.534787
167.811 	 	 -0.534324
167.813 	 	 -0.531379
167.814 	 	 -0.527185
167.816 	 	 -0.51943
167.819 	 	 -0.506817
167.823 	 	 -0.497131
167.827 	 	 -0.488911
167.83 	 	 -0.481776
167.836 	 	 -0.473009
167.842 	 	 -0.467001
167.847 	 	 -0.463289
167.856 	 	 -0.4613
167.865 	 	 -0.463023
167.874 	 	 -0.467706
167.888 	 	 -0.480161
167.902 	 	 -0.497564
167.916 	 	 -0.519229
167.93 	 	 -0.544512
167.944 	 	 -0.572671
167.958 	 	 -0.603078
167.981 	 	 -0.655465
168.004 	 	 -0.71114
168.027 	 	 -0.767835
168.049 	 	 -0.824977
168.072 	 	 -0.880479
168.095 	 	 -0.931421
168.133 	 	 -0.998426
168.17 	 	 -1.04548
168.208 	 	 -1.07242
168.246 	 	 -1.07911
168.284 	 	 -1.09913
168.321 	 	 -1.16091
168.359 	 	 -1.28098
168.397 	 	 -1.47253
168.435 	 	 -1.74845
168.499 	 	 -2.41242
168.562 	 	 -3.30028
168.626 	 	 -4.38066
168.69 	 	 -5.6364
168.754 	 	 -7.03065
168.818 	 	 -8.48853
168.882 	 	 -9.93243
168.946 	 	 -11.3182
169.01 	 	 -12.628
169.074 	 	 -13.8453
169.138 	 	 -14.9471
169.202 	 	 -15.9166
169.266 	 	 -16.7555
169.33 	 	 -17.4811
169.393 	 	 -18.1212
169.457 	 	 -18.7076
169.521 	 	 -19.272
169.585 	 	 -19.8427
169.649 	 	 -20.4429
169.713 	 	 -21.089
169.777 	 	 -21.7913
169.841 	 	 -22.5546
169.905 	 	 -23.3802
169.969 	 	 -24.2675
170.033 	 	 -25.2152
170.097 	 	 -26.2222
170.16 	 	 -27.2881
170.224 	 	 -28.4123
170.288 	 	 -29.5933
170.352 	 	 -30.8275
170.416 	 	 -32.1077
170.456 	 	 -32.9344
170.497 	 	 -33.7704
170.537 	 	 -34.6108
170.578 	 	 -35.4502
170.618 	 	 -36.2829
170.658 	 	 -37.103
170.699 	 	 -37.905
170.739 	 	 -38.6839
170.779 	 	 -39.4354
170.82 	 	 -40.156
170.86 	 	 -40.8432
170.923 	 	 -41.8398
170.985 	 	 -42.7495
171.048 	 	 -43.5728
171.111 	 	 -44.3128
171.173 	 	 -44.9745
171.236 	 	 -45.564
171.298 	 	 -46.0877
171.361 	 	 -46.552
171.424 	 	 -46.9631
171.486 	 	 -47.3269
171.549 	 	 -47.6488
171.611 	 	 -47.9338
171.712 	 	 -48.3248
171.812 	 	 -48.6482
171.913 	 	 -48.9174
172.013 	 	 -49.1437
172.114 	 	 -49.3357
172.214 	 	 -49.5007
172.315 	 	 -49.6443
172.415 	 	 -49.7709
172.516 	 	 -49.8841
172.668 	 	 -50.0356
172.82 	 	 -50.1697
172.972 	 	 -50.2914
173.124 	 	 -50.4043
173.276 	 	 -50.5105
173.428 	 	 -50.6117
173.58 	 	 -50.709
173.732 	 	 -50.8031
173.885 	 	 -50.8948
174.12 	 	 -51.0331
174.356 	 	 -51.1676
174.591 	 	 -51.2992
175.076 	 	 -51.5628
175.56 	 	 -51.8186
176.044 	 	 -52.0672
176.528 	 	 -52.3084
177.277 	 	 -52.6683
178.027 	 	 -53.0124
178.777 	 	 -53.3415
179.526 	 	 -53.6564
179.793 	 	 -53.7651
179.793 	 	 -53.7651
179.793 	 	 -52.5304
179.793 	 	 -51.3245
179.793 	 	 -47.4299
179.793 	 	 -43.8017
179.793 	 	 -40.4438
179.793 	 	 -33.751
179.793 	 	 -28.1651
179.793 	 	 -23.5153
179.793 	 	 -19.6486
179.793 	 	 -16.4344
179.793 	 	 -13.7629
179.793 	 	 -11.5424
179.794 	 	 -9.6967
179.794 	 	 -8.16232
179.794 	 	 -6.88664
179.794 	 	 -5.82593
179.794 	 	 -4.94386
179.794 	 	 -3.85408
179.794 	 	 -3.04272
179.794 	 	 -2.43696
179.794 	 	 -1.724
179.794 	 	 -1.29509
179.794 	 	 -1.02765
179.795 	 	 -0.857386
179.795 	 	 -0.74884
179.795 	 	 -0.680265
179.795 	 	 -0.624103
179.795 	 	 -0.59722
179.796 	 	 -0.582633
179.796 	 	 -0.570774
179.796 	 	 -0.564038
179.797 	 	 -0.554958
179.798 	 	 -0.549579
179.798 	 	 -0.549099
179.799 	 	 -0.546306
179.801 	 	 -0.542254
179.802 	 	 -0.534584
179.806 	 	 -0.5216
179.809 	 	 -0.511562
179.813 	 	 -0.50299
179.816 	 	 -0.495458
179.822 	 	 -0.485919
179.828 	 	 -0.47911
179.833 	 	 -0.474558
179.842 	 	 -0.471158
179.851 	 	 -0.471311
179.859 	 	 -0.474229
179.873 	 	 -0.483289
179.887 	 	 -0.496567
179.901 	 	 -0.513272
179.915 	 	 -0.532631
179.928 	 	 -0.553757
179.942 	 	 -0.575845
179.965 	 	 -0.611742
179.987 	 	 -0.645851
180.009 	 	 -0.674799
180.032 	 	 -0.696292
180.054 	 	 -0.706509
180.077 	 	 -0.700823
180.113 	 	 -0.64653
180.149 	 	 -0.528744
180.186 	 	 -0.343509
180.222 	 	 -0.100968
180.258 	 	 0.17266
180.295 	 	 0.445484
180.331 	 	 0.684952
180.367 	 	 0.861803
180.404 	 	 0.953424
180.465 	 	 0.875699
180.526 	 	 0.503241
180.588 	 	 -0.139316
180.649 	 	 -0.998193
180.71 	 	 -2.01668
180.771 	 	 -3.13215
180.832 	 	 -4.27572
180.894 	 	 -5.38692
180.955 	 	 -6.42584
181.016 	 	 -7.37745
181.077 	 	 -8.24887
181.139 	 	 -9.07565
181.2 	 	 -9.91241
181.261 	 	 -10.8127
181.322 	 	 -11.8136
181.383 	 	 -12.9301
181.445 	 	 -14.1586
181.506 	 	 -15.4845
181.567 	 	 -16.8896
181.628 	 	 -18.3557
181.69 	 	 -19.8671
181.751 	 	 -21.4107
181.812 	 	 -22.976
181.873 	 	 -24.5547
181.935 	 	 -26.1409
181.996 	 	 -27.7311
182.057 	 	 -29.3234
182.118 	 	 -30.9152
182.179 	 	 -32.5015
182.241 	 	 -34.0732
182.277 	 	 -35.0045
182.314 	 	 -35.9224
182.351 	 	 -36.8229
182.388 	 	 -37.7018
182.424 	 	 -38.5552
182.461 	 	 -39.3794
182.498 	 	 -40.1713
182.535 	 	 -40.9281
182.571 	 	 -41.6479
182.608 	 	 -42.3294
182.645 	 	 -42.9722
182.682 	 	 -43.5761
182.741 	 	 -44.4646
182.8 	 	 -45.2586
182.859 	 	 -45.9638
182.954 	 	 -46.9321
183.049 	 	 -47.7176
183.144 	 	 -48.3498
183.203 	 	 -48.6783
183.262 	 	 -48.964
183.321 	 	 -49.2121
183.41 	 	 -49.5242
183.499 	 	 -49.7763
183.588 	 	 -49.9801
183.677 	 	 -50.1456
183.766 	 	 -50.2807
183.855 	 	 -50.3919
183.944 	 	 -50.4845
184.033 	 	 -50.5627
184.122 	 	 -50.6298
184.211 	 	 -50.6886
184.3 	 	 -50.7411
184.446 	 	 -50.8176
184.592 	 	 -50.8865
184.738 	 	 -50.9514
184.884 	 	 -51.0144
185.03 	 	 -51.0768
185.176 	 	 -51.1391
185.322 	 	 -51.2017
185.468 	 	 -51.2649
185.614 	 	 -51.3287
185.838 	 	 -51.4279
186.063 	 	 -51.5284
186.287 	 	 -51.6299
186.758 	 	 -51.8455
187.229 	 	 -52.0623
187.7 	 	 -52.2781
188.171 	 	 -52.491
188.916 	 	 -52.8204
189.662 	 	 -53.1388
190.407 	 	 -53.4456
191.153 	 	 -53.7409
191.898 	 	 -54.0253
192.644 	 	 -54.2991
193.84 	 	 -54.718
195.036 	 	 -55.1133
196.232 	 	 -55.4873
198.127 	 	 -56.0409
200.022 	 	 -56.5527
201.917 	 	 -57.0285
203.811 	 	 -57.4728
205.706 	 	 -57.8892
207.601 	 	 -58.2806
210.565 	 	 -58.8479
215.408 	 	 -59.6708
220.251 	 	 -60.383
225.094 	 	 -60.9995
229.937 	 	 -61.5263
234.781 	 	 -61.9711
239.624 	 	 -62.3431
244.467 	 	 -62.6508
249.31 	 	 -62.9015
252.507 	 	 -63.0391
252.507 	 	 -63.0391
252.507 	 	 -61.6999
252.507 	 	 -60.3894
252.507 	 	 -56.0368
252.507 	 	 -51.967
252.507 	 	 -48.1852
252.507 	 	 -41.2073
252.507 	 	 -35.2418
252.507 	 	 -30.1512
252.507 	 	 -25.8103
252.507 	 	 -22.1096
252.507 	 	 -18.955
252.507 	 	 -16.2657
252.507 	 	 -13.973
252.508 	 	 -12.0183
252.508 	 	 -10.3515
252.508 	 	 -8.29968
252.508 	 	 -6.69225
252.508 	 	 -5.4303
252.508 	 	 -3.83839
252.508 	 	 -2.79358
252.508 	 	 -2.09628
252.508 	 	 -1.6267
252.508 	 	 -1.31017
252.509 	 	 -1.09746
252.509 	 	 -0.954925
252.509 	 	 -0.859479
252.509 	 	 -0.769965
252.509 	 	 -0.723908
252.509 	 	 -0.697888
252.51 	 	 -0.682028
252.51 	 	 -0.669909
252.51 	 	 -0.663824
252.511 	 	 -0.65957
252.511 	 	 -0.655706
252.512 	 	 -0.651508
252.514 	 	 -0.640356
252.516 	 	 -0.630759
252.518 	 	 -0.622144
252.522 	 	 -0.605876
252.526 	 	 -0.592443
252.53 	 	 -0.581543
252.537 	 	 -0.568219
252.544 	 	 -0.559578
252.55 	 	 -0.554637
252.557 	 	 -0.552708
252.564 	 	 -0.553298
252.571 	 	 -0.556033
252.578 	 	 -0.560615
252.585 	 	 -0.566806
252.592 	 	 -0.574418
252.604 	 	 -0.591159
252.616 	 	 -0.611299
252.628 	 	 -0.634214
252.64 	 	 -0.659527
252.661 	 	 -0.707024
252.682 	 	 -0.758382
252.702 	 	 -0.812659
252.723 	 	 -0.868129
252.744 	 	 -0.921982
252.765 	 	 -0.970924
252.798 	 	 -1.02959
252.831 	 	 -1.05541
252.864 	 	 -1.02733
252.897 	 	 -0.943425
252.93 	 	 -0.807304
252.963 	 	 -0.629044
252.996 	 	 -0.428788
253.029 	 	 -0.234959
253.062 	 	 -0.0765681
253.121 	 	 0.0430346
253.18 	 	 -0.130887
253.239 	 	 -0.639623
253.298 	 	 -1.48646
253.357 	 	 -2.61427
253.416 	 	 -3.96022
253.475 	 	 -5.47263
253.534 	 	 -7.10834
253.623 	 	 -9.7396
253.712 	 	 -12.4613
253.801 	 	 -15.1894
253.89 	 	 -17.8811
253.979 	 	 -20.5276
254.068 	 	 -23.1322
254.158 	 	 -25.6869
254.247 	 	 -28.1873
254.336 	 	 -30.6292
254.425 	 	 -33.0079
254.514 	 	 -35.311
254.603 	 	 -37.5164
254.692 	 	 -39.5955
254.782 	 	 -41.5203
254.871 	 	 -43.2707
254.96 	 	 -44.8381
255.049 	 	 -46.2263
255.138 	 	 -47.4478
255.227 	 	 -48.5202
255.316 	 	 -49.4619
255.406 	 	 -50.2902
255.54 	 	 -51.357
255.674 	 	 -52.2466
255.808 	 	 -52.9957
255.943 	 	 -53.6335
256.077 	 	 -54.182
256.291 	 	 -54.9159
256.506 	 	 -55.5171
256.721 	 	 -56.019
257.045 	 	 -56.6421
257.37 	 	 -57.1461
257.695 	 	 -57.5616
258.02 	 	 -57.91
258.345 	 	 -58.2091
258.67 	 	 -58.4717
259.215 	 	 -58.8511
259.76 	 	 -59.1714
260.306 	 	 -59.4457
260.851 	 	 -59.6845
261.396 	 	 -59.8967
262.312 	 	 -60.2069
263.228 	 	 -60.4733
263.814 	 	 -60.6253
263.814 	 	 -60.6253
263.814 	 	 -59.3125
263.814 	 	 -58.0285
263.814 	 	 -53.7929
263.814 	 	 -49.836
263.814 	 	 -46.1626
263.814 	 	 -39.2649
263.814 	 	 -33.3992
263.814 	 	 -28.4212
263.814 	 	 -24.1997
263.814 	 	 -20.6208
263.814 	 	 -17.5869
263.814 	 	 -15.015
263.814 	 	 -12.8345
263.815 	 	 -10.9858
263.815 	 	 -9.41821
263.815 	 	 -8.0889
263.815 	 	 -6.96155
263.815 	 	 -5.4939
263.815 	 	 -4.37465
263.815 	 	 -3.51962
263.815 	 	 -2.43028
263.815 	 	 -1.77097
263.815 	 	 -1.35855
263.816 	 	 -1.09525
263.816 	 	 -0.926728
263.816 	 	 -0.819713
263.816 	 	 -0.752317
263.816 	 	 -0.695607
263.816 	 	 -0.669097
263.817 	 	 -0.674188
263.818 	 	 -0.658682
263.818 	 	 -0.632282
263.819 	 	 -0.620447
263.819 	 	 -0.622003
263.819 	 	 -0.623984
263.82 	 	 -0.621355
263.821 	 	 -0.615657
263.822 	 	 -0.606951
263.824 	 	 -0.601564
263.825 	 	 -0.596706
263.828 	 	 -0.586655
263.83 	 	 -0.577408
263.833 	 	 -0.569341
263.838 	 	 -0.556172
263.844 	 	 -0.54636
263.849 	 	 -0.539449
263.858 	 	 -0.533096
263.868 	 	 -0.531982
263.877 	 	 -0.534853
263.886 	 	 -0.540831
263.895 	 	 -0.549429
263.904 	 	 -0.560293
263.913 	 	 -0.573131
263.923 	 	 -0.587695
263.932 	 	 -0.60378
263.947 	 	 -0.634719
263.963 	 	 -0.668791
263.979 	 	 -0.704955
263.995 	 	 -0.742429
264.021 	 	 -0.805253
264.047 	 	 -0.86371
264.073 	 	 -0.914847
264.099 	 	 -0.953761
264.125 	 	 -0.972709
264.151 	 	 -0.963372
264.177 	 	 -0.920191
264.203 	 	 -0.841753
264.229 	 	 -0.730872
264.256 	 	 -0.594142
264.295 	 	 -0.357183
264.335 	 	 -0.128354
264.375 	 	 0.0441909
264.415 	 	 0.119586
264.455 	 	 0.0689562
264.495 	 	 -0.124599
264.535 	 	 -0.4662
264.596 	 	 -1.25118
264.656 	 	 -2.31073
264.717 	 	 -3.58668
264.777 	 	 -5.03145
264.838 	 	 -6.59912
264.935 	 	 -9.24975
265.033 	 	 -11.9064
265.13 	 	 -14.4504
265.228 	 	 -16.8429
265.325 	 	 -18.9722
265.422 	 	 -20.7359
265.52 	 	 -22.0626
265.617 	 	 -22.936
265.676 	 	 -23.2632
265.735 	 	 -23.4667
265.793 	 	 -23.5704
265.852 	 	 -23.5981
265.911 	 	 -23.575
265.969 	 	 -23.5286
266.028 	 	 -23.4855
266.087 	 	 -23.4696
266.145 	 	 -23.5004
266.204 	 	 -23.5942
266.263 	 	 -23.7648
266.321 	 	 -24.0227
266.38 	 	 -24.3754
266.439 	 	 -24.8272
266.497 	 	 -25.3814
266.556 	 	 -26.0399
266.615 	 	 -26.8044
266.674 	 	 -27.6754
266.732 	 	 -28.6516
266.791 	 	 -29.7286
266.831 	 	 -30.5226
266.872 	 	 -31.3549
266.912 	 	 -32.2206
266.952 	 	 -33.1142
266.993 	 	 -34.0283
267.033 	 	 -34.9534
267.073 	 	 -35.8795
267.114 	 	 -36.7978
267.154 	 	 -37.7006
267.194 	 	 -38.5811
267.235 	 	 -39.4334
267.275 	 	 -40.2529
267.316 	 	 -41.0362
267.356 	 	 -41.7813
267.422 	 	 -42.9189
267.488 	 	 -43.9508
267.555 	 	 -44.881
267.621 	 	 -45.7162
267.687 	 	 -46.4642
267.753 	 	 -47.1329
267.82 	 	 -47.7307
267.886 	 	 -48.2652
267.952 	 	 -48.7439
268.057 	 	 -49.4006
268.161 	 	 -49.9574
268.265 	 	 -50.4332
268.37 	 	 -50.8435
268.474 	 	 -51.2008
268.579 	 	 -51.5151
268.683 	 	 -51.7945
268.788 	 	 -52.0455
268.892 	 	 -52.2729
268.996 	 	 -52.4809
269.101 	 	 -52.6726
269.205 	 	 -52.8505
269.31 	 	 -53.0165
269.414 	 	 -53.1722
269.587 	 	 -53.4102
269.759 	 	 -53.628
269.931 	 	 -53.8288
270.104 	 	 -54.0153
270.276 	 	 -54.1893
270.449 	 	 -54.3527
270.742 	 	 -54.6096
271.035 	 	 -54.8448
271.328 	 	 -55.0623
271.621 	 	 -55.2652
271.914 	 	 -55.4559
272.248 	 	 -55.6606
272.248 	 	 -55.6606
272.248 	 	 -54.4039
272.248 	 	 -53.1759
272.248 	 	 -49.1858
272.248 	 	 -45.4655
272.248 	 	 -42.0194
272.248 	 	 -35.2744
272.248 	 	 -29.6122
272.248 	 	 -24.8704
272.248 	 	 -20.9032
272.248 	 	 -17.5851
272.248 	 	 -14.8102
272.248 	 	 -12.4896
272.249 	 	 -10.5488
272.249 	 	 -8.92535
272.249 	 	 -7.56736
272.249 	 	 -6.43126
272.249 	 	 -5.48071
272.249 	 	 -4.2877
272.249 	 	 -3.3928
272.249 	 	 -2.7199
272.249 	 	 -1.91066
272.249 	 	 -1.42207
272.249 	 	 -1.11673
272.25 	 	 -0.921988
272.25 	 	 -0.797575
272.25 	 	 -0.718767
272.25 	 	 -0.669259
272.25 	 	 -0.626207
272.251 	 	 -0.607417
272.251 	 	 -0.604699
272.252 	 	 -0.605236
272.252 	 	 -0.589241
272.253 	 	 -0.573261
272.254 	 	 -0.568248
272.255 	 	 -0.564005
272.256 	 	 -0.56097
272.257 	 	 -0.55689
272.26 	 	 -0.546351
272.263 	 	 -0.536157
272.266 	 	 -0.527304
272.27 	 	 -0.51568
272.275 	 	 -0.506817
272.284 	 	 -0.496014
272.293 	 	 -0.491116
272.302 	 	 -0.490654
272.311 	 	 -0.493656
272.32 	 	 -0.499654
272.329 	 	 -0.508277
272.337 	 	 -0.51912
272.351 	 	 -0.539585
272.365 	 	 -0.563684
272.379 	 	 -0.590892
272.393 	 	 -0.620826
272.406 	 	 -0.653049
272.42 	 	 -0.687086
272.445 	 	 -0.75004
272.469 	 	 -0.814294
272.493 	 	 -0.87898
272.518 	 	 -0.938823
272.542 	 	 -0.991869
272.58 	 	 -1.0505
272.618 	 	 -1.07878
272.657 	 	 -1.07425
272.695 	 	 -1.03826
272.733 	 	 -1.00797
272.771 	 	 -1.01714
272.809 	 	 -1.08789
272.847 	 	 -1.23782
272.885 	 	 -1.48298
272.95 	 	 -2.12978
273.014 	 	 -3.08459
273.079 	 	 -4.29998
273.144 	 	 -5.65497
273.209 	 	 -7.1615
273.274 	 	 -8.76976
273.338 	 	 -10.4073
273.403 	 	 -12.0254
273.468 	 	 -13.607
273.533 	 	 -15.1346
273.597 	 	 -16.5792
273.662 	 	 -17.9104
273.727 	 	 -19.1068
273.792 	 	 -20.156
273.856 	 	 -21.0515
273.921 	 	 -21.7922
273.986 	 	 -22.3849
274.051 	 	 -22.8449
274.115 	 	 -23.1941
274.18 	 	 -23.458
274.245 	 	 -23.6631
274.31 	 	 -23.8364
274.374 	 	 -24.0046
274.439 	 	 -24.1921
274.504 	 	 -24.4194
274.569 	 	 -24.7027
274.633 	 	 -25.0553
274.698 	 	 -25.4879
274.763 	 	 -26.0094
274.828 	 	 -26.6264
274.892 	 	 -27.3442
274.957 	 	 -28.1671
275.022 	 	 -29.0967
275.061 	 	 -29.7054
275.1 	 	 -30.3498
275.138 	 	 -31.0277
275.177 	 	 -31.7362
275.216 	 	 -32.4718
275.255 	 	 -33.2301
275.294 	 	 -34.0057
275.333 	 	 -34.7924
275.372 	 	 -35.5837
275.411 	 	 -36.3732
275.45 	 	 -37.1546
275.488 	 	 -37.9222
275.547 	 	 -39.0427
275.636 	 	 -40.6345
275.725 	 	 -42.0693
275.814 	 	 -43.338
275.903 	 	 -44.4464
275.992 	 	 -45.4079
276.081 	 	 -46.2384
276.17 	 	 -46.9544
276.259 	 	 -47.5714
276.348 	 	 -48.1041
276.437 	 	 -48.5652
276.526 	 	 -48.9661
276.615 	 	 -49.3164
276.704 	 	 -49.6241
276.793 	 	 -49.8962
276.882 	 	 -50.1383
276.971 	 	 -50.3554
277.06 	 	 -50.5513
277.149 	 	 -50.7294
277.238 	 	 -50.8924
277.411 	 	 -51.1746
277.585 	 	 -51.4208
277.758 	 	 -51.6396
277.931 	 	 -51.8373
278.104 	 	 -52.0182
278.277 	 	 -52.1859
278.45 	 	 -52.3428
278.713 	 	 -52.5648
278.977 	 	 -52.771
279.24 	 	 -52.9646
279.503 	 	 -53.1479
279.844 	 	 -53.3729
279.844 	 	 -53.3729
279.844 	 	 -52.1428
279.844 	 	 -50.9416
279.844 	 	 -47.0669
279.844 	 	 -43.4579
279.844 	 	 -40.1184
279.844 	 	 -33.4357
279.844 	 	 -27.8655
279.844 	 	 -23.2348
279.844 	 	 -19.3893
279.844 	 	 -16.197
279.844 	 	 -13.5472
279.844 	 	 -11.3478
279.845 	 	 -9.52208
279.845 	 	 -8.00637
279.845 	 	 -6.74792
279.845 	 	 -5.70294
279.845 	 	 -4.83513
279.845 	 	 -3.76661
279.845 	 	 -2.97238
279.845 	 	 -2.38035
279.845 	 	 -1.68665
279.845 	 	 -1.26971
279.845 	 	 -1.0099
279.846 	 	 -0.844567
279.846 	 	 -0.739221
279.846 	 	 -0.672714
279.846 	 	 -0.618106
279.846 	 	 -0.592141
279.847 	 	 -0.578068
279.847 	 	 -0.566578
279.847 	 	 -0.560005
279.848 	 	 -0.551014
279.849 	 	 -0.54567
279.849 	 	 -0.545201
279.85 	 	 -0.542375
279.852 	 	 -0.538292
279.854 	 	 -0.530616
279.857 	 	 -0.517789
279.861 	 	 -0.507918
279.864 	 	 -0.49953
279.868 	 	 -0.492215
279.873 	 	 -0.483108
279.879 	 	 -0.476812
279.885 	 	 -0.472861
279.893 	 	 -0.47059
279.902 	 	 -0.472134
279.911 	 	 -0.47673
279.925 	 	 -0.489129
279.938 	 	 -0.506636
279.952 	 	 -0.528574
279.966 	 	 -0.554321
279.98 	 	 -0.583172
279.994 	 	 -0.614541
280.016 	 	 -0.66924
280.039 	 	 -0.728223
280.061 	 	 -0.789477
280.084 	 	 -0.852619
280.106 	 	 -0.915803
280.129 	 	 -0.976344
280.166 	 	 -1.06495
280.204 	 	 -1.13842
280.242 	 	 -1.19493
280.28 	 	 -1.23044
280.318 	 	 -1.27969
280.355 	 	 -1.3713
280.393 	 	 -1.52069
280.431 	 	 -1.74053
280.469 	 	 -2.04455
280.528 	 	 -2.69508
280.587 	 	 -3.54703
280.646 	 	 -4.5795
280.705 	 	 -5.77518
280.764 	 	 -7.10112
280.824 	 	 -8.50185
280.883 	 	 -9.92306
280.942 	 	 -11.3326
281.001 	 	 -12.7144
281.06 	 	 -14.0525
281.119 	 	 -15.3247
281.178 	 	 -16.5088
281.237 	 	 -17.5881
281.296 	 	 -18.5534
281.356 	 	 -19.4
281.415 	 	 -20.1283
281.474 	 	 -20.7443
281.533 	 	 -21.2593
281.592 	 	 -21.6892
281.651 	 	 -22.0532
281.71 	 	 -22.3719
281.769 	 	 -22.6662
281.829 	 	 -22.9555
281.888 	 	 -23.2573
281.947 	 	 -23.5864
282.006 	 	 -23.9552
282.065 	 	 -24.3732
282.124 	 	 -24.8476
282.183 	 	 -25.3837
282.242 	 	 -25.9859
282.301 	 	 -26.6572
282.361 	 	 -27.4001
282.42 	 	 -28.2162
282.479 	 	 -29.1057
282.538 	 	 -30.0672
282.597 	 	 -31.096
282.656 	 	 -32.1839
282.692 	 	 -32.8729
282.728 	 	 -33.5757
282.765 	 	 -34.2885
282.801 	 	 -35.0068
282.837 	 	 -35.7259
282.873 	 	 -36.4414
282.909 	 	 -37.1486
282.945 	 	 -37.8435
283.007 	 	 -38.9909
283.069 	 	 -40.0767
283.13 	 	 -41.0906
283.192 	 	 -42.0272
283.254 	 	 -42.8852
283.315 	 	 -43.6661
283.377 	 	 -44.3732
283.439 	 	 -45.0112
283.544 	 	 -45.9586
283.65 	 	 -46.7453
283.756 	 	 -47.3986
283.862 	 	 -47.9423
283.967 	 	 -48.3966
284.073 	 	 -48.7783
284.179 	 	 -49.1013
284.284 	 	 -49.3771
284.39 	 	 -49.6151
284.496 	 	 -49.8227
284.602 	 	 -50.0059
284.778 	 	 -50.2681
284.954 	 	 -50.4908
285.13 	 	 -50.6858
285.306 	 	 -50.8606
285.482 	 	 -51.0204
285.658 	 	 -51.1685
285.834 	 	 -51.3076
286.01 	 	 -51.4395
286.186 	 	 -51.5655
286.361 	 	 -51.6867
286.629 	 	 -51.8634
286.896 	 	 -52.0328
287.164 	 	 -52.1964
287.859 	 	 -52.601
287.859 	 	 -52.601
287.859 	 	 -51.3801
287.859 	 	 -50.1879
287.859 	 	 -46.3525
287.859 	 	 -42.7813
287.859 	 	 -39.4781
287.859 	 	 -32.8149
287.859 	 	 -27.2754
287.859 	 	 -22.6825
287.859 	 	 -18.8787
287.859 	 	 -15.7298
287.859 	 	 -13.1233
287.859 	 	 -10.9656
287.86 	 	 -9.17953
287.86 	 	 -7.7008
287.86 	 	 -6.47641
287.86 	 	 -5.46251
287.86 	 	 -4.62281
287.86 	 	 -3.59596
287.86 	 	 -2.83526
287.86 	 	 -2.27004
287.86 	 	 -1.61354
287.86 	 	 -1.21977
287.861 	 	 -0.974718
287.861 	 	 -0.818934
287.861 	 	 -0.719788
287.861 	 	 -0.657284
287.861 	 	 -0.605713
287.861 	 	 -0.581528
287.862 	 	 -0.568438
287.862 	 	 -0.557647
287.862 	 	 -0.55138
287.863 	 	 -0.542543
287.864 	 	 -0.537247
287.864 	 	 -0.536784
287.866 	 	 -0.533865
287.867 	 	 -0.529694
287.869 	 	 -0.521952
287.872 	 	 -0.509285
287.876 	 	 -0.499546
287.88 	 	 -0.491273
287.883 	 	 -0.484078
287.889 	 	 -0.475189
287.894 	 	 -0.46906
287.9 	 	 -0.465225
287.909 	 	 -0.463038
287.918 	 	 -0.464549
287.926 	 	 -0.469003
287.941 	 	 -0.48102
287.955 	 	 -0.4979
287.969 	 	 -0.518945
287.983 	 	 -0.543492
287.997 	 	 -0.570784
288.011 	 	 -0.60017
288.034 	 	 -0.650557
288.056 	 	 -0.703625
288.079 	 	 -0.756978
288.102 	 	 -0.809827
288.124 	 	 -0.859868
288.147 	 	 -0.903967
288.185 	 	 -0.956106
288.222 	 	 -0.982328
288.26 	 	 -0.981818
288.298 	 	 -0.955754
288.336 	 	 -0.937121
288.373 	 	 -0.955108
288.411 	 	 -1.02858
288.449 	 	 -1.173
288.486 	 	 -1.40267
288.551 	 	 -2.00196
288.615 	 	 -2.87909
288.68 	 	 -3.98787
288.744 	 	 -5.20882
288.809 	 	 -6.55331
288.874 	 	 -7.96872
288.938 	 	 -9.37805
289.003 	 	 -10.7275
289.067 	 	 -11.9939
289.132 	 	 -13.1582
289.196 	 	 -14.1984
289.261 	 	 -15.1041
289.325 	 	 -15.8869
289.39 	 	 -16.5766
289.454 	 	 -17.2115
289.519 	 	 -17.8294
289.583 	 	 -18.4637
289.648 	 	 -19.1399
289.712 	 	 -19.8752
289.777 	 	 -20.678
289.842 	 	 -21.5499
289.906 	 	 -22.4886
289.971 	 	 -23.4899
290.035 	 	 -24.5499
290.1 	 	 -25.6654
290.164 	 	 -26.834
290.229 	 	 -28.0541
290.293 	 	 -29.3239
290.358 	 	 -30.6402
290.422 	 	 -31.9963
290.463 	 	 -32.8611
290.503 	 	 -33.733
290.544 	 	 -34.6071
290.584 	 	 -35.478
290.624 	 	 -36.3401
290.665 	 	 -37.1876
290.705 	 	 -38.0149
290.746 	 	 -38.817
290.786 	 	 -39.5893
290.826 	 	 -40.3285
290.867 	 	 -41.0321
290.907 	 	 -41.6984
290.948 	 	 -42.3266
291.026 	 	 -43.4402
291.105 	 	 -44.4146
291.184 	 	 -45.2591
291.262 	 	 -45.986
291.341 	 	 -46.6088
291.42 	 	 -47.1411
291.498 	 	 -47.5953
291.577 	 	 -47.9828
291.655 	 	 -48.3136
291.734 	 	 -48.5966
291.813 	 	 -48.8394
291.891 	 	 -49.0485
291.97 	 	 -49.2295
292.049 	 	 -49.3872
292.127 	 	 -49.5255
292.206 	 	 -49.6477
292.335 	 	 -49.8208
292.465 	 	 -49.9676
292.594 	 	 -50.0954
292.723 	 	 -50.2093
292.852 	 	 -50.3129
293.058 	 	 -50.4626
293.263 	 	 -50.6001
293.468 	 	 -50.7293
293.673 	 	 -50.8527
293.878 	 	 -50.9721
294.083 	 	 -51.0886
294.288 	 	 -51.2029
294.493 	 	 -51.3155
294.845 	 	 -51.5052
295.197 	 	 -51.691
295.549 	 	 -51.8734
295.901 	 	 -52.0524
296.253 	 	 -52.2279
296.605 	 	 -52.4002
297.269 	 	 -52.7163
297.933 	 	 -53.0212
297.933 	 	 -53.0212
297.933 	 	 -51.7953
297.933 	 	 -50.5982
297.933 	 	 -46.7413
297.933 	 	 -43.1495
297.933 	 	 -39.8265
297.933 	 	 -33.1528
297.933 	 	 -27.5967
297.933 	 	 -22.9832
297.933 	 	 -19.1566
297.933 	 	 -15.984
297.933 	 	 -13.3538
297.933 	 	 -11.1734
297.934 	 	 -9.36565
297.934 	 	 -7.86673
297.934 	 	 -6.62376
297.934 	 	 -5.59292
297.934 	 	 -4.73789
297.934 	 	 -3.68837
297.934 	 	 -2.90944
297.934 	 	 -2.32964
297.934 	 	 -1.65299
297.934 	 	 -1.24667
297.934 	 	 -0.993617
297.935 	 	 -0.832656
297.935 	 	 -0.730148
297.935 	 	 -0.665473
297.935 	 	 -0.61225
297.935 	 	 -0.587099
297.936 	 	 -0.573476
297.936 	 	 -0.562306
297.936 	 	 -0.555873
297.937 	 	 -0.546949
297.938 	 	 -0.541625
297.938 	 	 -0.541155
297.94 	 	 -0.538279
297.941 	 	 -0.534147
297.943 	 	 -0.526423
297.946 	 	 -0.51363
297.95 	 	 -0.503763
297.953 	 	 -0.495353
297.957 	 	 -0.487997
297.963 	 	 -0.478785
297.968 	 	 -0.472297
297.974 	 	 -0.46806
297.983 	 	 -0.465154
297.991 	 	 -0.465816
298 	 	 -0.469272
298.014 	 	 -0.479315
298.028 	 	 -0.49373
298.042 	 	 -0.511746
298.056 	 	 -0.532616
298.07 	 	 -0.555479
298.084 	 	 -0.579562
298.107 	 	 -0.619266
298.129 	 	 -0.658235
298.152 	 	 -0.693322
298.174 	 	 -0.722641
298.197 	 	 -0.742775
298.219 	 	 -0.749501
298.257 	 	 -0.721117
298.294 	 	 -0.638599
298.331 	 	 -0.499791
298.368 	 	 -0.314161
298.405 	 	 -0.110888
298.442 	 	 0.0781288
298.48 	 	 0.223627
298.517 	 	 0.300221
298.554 	 	 0.288299
298.622 	 	 0.00584513
298.69 	 	 -0.614368
298.757 	 	 -1.49534
298.825 	 	 -2.58387
298.893 	 	 -3.83102
298.961 	 	 -5.15078
299.029 	 	 -6.43974
299.097 	 	 -7.63742
299.165 	 	 -8.7124
299.233 	 	 -9.68205
299.3 	 	 -10.59
299.368 	 	 -11.492
299.436 	 	 -12.4463
299.504 	 	 -13.4986
299.572 	 	 -14.6706
299.64 	 	 -15.9597
299.708 	 	 -17.349
299.776 	 	 -18.8176
299.844 	 	 -20.3459
299.911 	 	 -21.9183
299.979 	 	 -23.5231
300 	 	 -24.0178
