.126863
.151779
.176825
.201241
.224645
.248732
.272648
.296894
.319356
.340381
.360024
.380258
.400035
.402971
.405714
.407653
.411783
.414178
.416617
.420847
.425157
.428127
.431945
.434988
.438708
.44235
.445304
.447913
.449662
.452808
.454662
.457022
.457647
.461323
.46568
.470054
.473451
.477051
.48295
.488614
.491791
.495591
.49773
.502654
.506236
.511857
.518617
.52379
.528135
.532573
.536622
.540771
.545359
.550836
.555239
.560258
.565761
.570084
.574175
.578644
.582332
.588288
.592245
.596982
.6288
.658411
.687568
.716612
.746965
.77529
.800609
.809941
.819164
.828407
.83731
.847561
.856809
.866484
.876821
.887377
.895761
.901798
.910453
.919559
.928102
.933331
.941398
.949332
.955141
.961713
.969905
.977444
.9855
.993229
1.10615
1.12627
1.14817
1.16894
1.18911
1.202
1.21107
1.22141
1.22899
1.23605
1.24436
1.25262
1.26061
1.26945
1.27759
1.28587
1.2932
1.30136
1.30876
1.31602
1.32064
1.32703
1.3331
1.34075
1.34521
1.35198
1.35903
1.36599
1.37459
1.38152
1.38777
1.39555
1.40524
1.41838
1.43162
1.44294
1.45691
1.46956
1.48206
1.4931
1.50593
1.51721
1.53051
1.54081
1.55371
1.56813
1.5801
1.59385
1.60635
1.61751
1.62829
1.63932
1.64959
1.66017
1.67054
1.68015
1.69088
1.70133
1.71756
1.73305
1.74836
1.76417
1.77821
1.79477
1.8084
1.82118
1.83125
1.84282
1.85635
1.86809
1.88096
1.8934
1.90492
1.91534
1.92583
1.93786
1.94943
1.96146
1.97257
1.98271
1.99441
2.01009
2.029
2.0451
2.0617
2.07826
2.09548
2.11294
2.13128
2.15073
2.17155
2.1927
2.20454
2.21406
2.22565
2.23538
2.24651
2.25709
2.26926
2.27958
2.28993
2.3015
2.31088
2.32236
2.33252
2.34324
2.35377
2.3634
2.37323
2.38517
2.39531
2.40809
2.4213
2.43316
2.44626
2.45824
2.47105
2.48352
2.496
2.51172
2.53101
2.54716
2.56515
2.58284
2.59926
2.61208
2.62542
2.63996
2.65108
2.6628
2.67782
2.69218
2.70395
2.71578
2.72675
2.73674
2.75015
2.76074
2.77078
2.78183
2.79414
2.80474
2.81551
2.82581
2.83618
2.8462
2.8591
2.87109
2.88087
2.89035
2.90079
2.90933
2.91792
2.92728
2.93575
2.94498
2.95338
2.961
2.96826
2.97776
2.98869
2.99816
3.01055
3.02294
3.03583
3.04901
3.0604
3.07398
3.0858
3.09897
3.11321
3.12672
3.13881
3.15107
3.16364
3.17624
3.18999
3.20069
3.20764
3.21393
3.22187
3.22863
3.23462
3.24144
3.24764
3.25621
3.26251
3.27219
3.27954
3.28894
3.29698
3.30283
3.30875
3.31524
3.32124
3.32644
3.33309
3.33796
3.3449
3.35105
3.35653
3.36333
3.36817
3.37425
3.38014
3.38738
3.39396
3.46027
3.60211
3.61202
3.62036
3.62849
3.63674
3.64363
3.65156
3.65719
3.66583
3.67316
3.68218
3.68963
3.6993
3.70719
3.71427
3.72189
3.72809
3.73471
3.741
3.7488
3.75626
3.76293
3.76984
3.77735
3.7857
3.79192
3.79863
3.81927
3.84058
3.86105
3.88378
3.90407
3.92183
3.9385
3.95474
3.97305
3.98942
4.00852
4.02811
4.04928
4.07043
4.09216
4.21498
4.2483
4.28265
4.31512
4.34626
4.37829
4.65852
4.72535
5.00259
5.016
5.03088
5.04562
5.0603
5.07372
5.08737
5.10321
5.12175
5.1392
5.15724
5.17478
5.19105
5.20572
5.2189
5.23433
5.24864
5.2628
5.27775
5.29188
5.30251
5.31384
5.32286
5.33107
5.34102
5.3523
5.36276
5.37267
5.38252
5.39274
5.40688
5.41952
5.43424
5.44898
5.46381
5.47698
5.49067
5.50433
5.51881
5.53275
5.54591
5.56062
5.57512
5.5864
5.59966
5.60836
5.61474
5.62198
5.62996
5.63749
5.64541
5.65363
5.66174
5.67106
5.67713
5.68444
5.69195
5.69979
5.70447
5.71138
5.7169
5.7221
5.72713
5.73208
5.73835
5.74516
5.75243
5.75889
5.7668
5.77377
5.78053
5.78628
5.79221
5.79821
5.9422
5.9917
6.00359
6.01198
6.01837
6.02671
6.03654
6.04458
6.05265
6.06259
6.0699
6.0793
6.08752
6.09623
6.10613
6.11339
6.12021
6.12751
6.13684
6.14356
6.15056
6.158
6.16698
6.17419
6.18274
6.18873
6.19798
6.22646
6.25629
6.28712
6.30479
6.31713
6.33184
6.34576
6.35779
6.36922
6.38336
6.39695
6.41124
6.42489
6.43968
6.45524
6.46856
6.48284
6.49656
6.51142
6.52752
6.54254
6.55704
6.57205
6.58763
6.60229
6.61296
6.62188
6.63296
6.64457
6.65586
6.66664
6.67936
6.69049
6.70274
6.71223
6.72179
6.73177
6.74405
6.7548
6.7648
6.77582
6.78655
6.79703
6.81028
6.82411
6.83691
6.8494
6.8622
6.87293
6.8841
6.89781
6.91101
6.9254
6.93943
6.95374
6.96514
6.97817
6.99281
7.00336
7.01149
7.01988
7.02859
7.03836
7.04667
7.05529
7.06401
7.07374
7.0836
7.09431
7.10302
7.11155
7.12134
7.13179
7.14302
7.15234
7.16399
7.17538
7.18742
7.19793
7.22747
7.25675
7.28654
7.32632
7.36953
7.40263
7.42109
7.43691
7.4523
7.46844
7.48651
7.50727
7.53787
7.56776
7.59732
7.61442
7.63126
7.64999
7.66804
7.68436
7.70044
7.71033
7.71978
7.72994
7.74002
7.74977
7.76167
7.77135
7.78205
7.79202
7.80331
7.81872
7.8344
7.84918
7.86406
7.87876
7.89424
7.90609
7.91941
7.9338
7.94733
7.96115
7.97429
7.98617
7.99881
8.00469
8.01114
8.01782
8.02416
8.03142
8.03631
8.04325
8.04947
8.05283
8.05977
8.06707
8.07388
8.0803
8.08559
8.09171
8.09887
8.10402
8.11107
8.1168
8.12169
8.12818
8.13413
8.14071
8.14611
8.15174
8.15784
8.16027
8.16487
8.17028
8.17603
8.18212
8.18564
8.19155
8.19845
8.21115
8.22209
8.23251
8.24411
8.25604
8.26952
8.28102
8.29046
8.30173
8.31186
8.32062
8.3308
8.34136
8.3516
8.36127
8.37209
8.38075
8.3908
8.40057
8.4078
8.41448
8.42147
8.4267
8.43365
8.43951
8.44513
8.45335
8.45849
8.46631
8.47253
8.47829
8.48527
8.49229
8.49766
8.50319
8.50858
8.51371
8.5192
8.5241
8.52802
8.53487
8.5394
8.54615
8.55145
8.55738
8.56248
8.56697
8.57232
8.57601
8.58038
8.58665
8.59279
8.5988
8.60586
8.61491
8.62383
8.63253
8.64073
8.64883
8.65794
8.66592
8.67328
8.6813
8.68846
8.69795
8.70513
8.7144
8.72443
8.73293
8.74134
8.74939
8.75868
8.7669
8.77756
8.78581
8.7962
8.80321
8.81185
8.82107
8.83134
8.84067
8.8506
8.86043
8.86872
8.87913
8.88838
8.89738
8.9067
8.91811
8.92829
8.93974
8.95049
8.96135
8.97366
8.98375
8.99503
9.0037
9.0123
9.0206
9.02919
9.0388
9.04697
9.05573
9.06281
9.07223
9.08038
9.09042
9.09878
9.10653
9.11538
9.12453
9.13196
9.13961
9.14619
9.15476
9.16564
9.17239
9.18089
9.1891
9.19728
9.20667
9.21665
9.22599
9.2337
9.2406
9.25026
9.26113
9.27053
9.27876
9.28661
9.29687
9.3076
9.3181
9.32742
9.33794
9.35
9.36263
9.37351
9.38439
9.3952
9.40258
9.41029
9.41616
9.4241
9.43172
9.44087
9.44802
9.45682
9.46457
9.47137
9.48053
9.48855
9.4954
9.50311
9.51207
9.52008
9.52881
9.53589
9.54512
9.55297
9.56339
9.57332
9.5804
9.59048
9.60115
9.61229
9.62446
9.63364
9.64451
9.65569
9.66482
9.6748
9.68638
9.6968
9.70862
9.72023
9.73114
9.7396
9.75197
9.76361
9.77445
9.7858
9.79719
9.80642
9.8146
9.82096
9.82857
9.83712
9.84551
9.85556
9.86281
9.87099
9.87993
9.88856
9.89647
9.90552
9.91435
9.92215
9.93169
9.9398
9.94729
9.9562
9.96335
9.97161
9.98131
9.99113
9.99749
