.121028
.143962
.166663
.190613
.212181
.232456
.254324
.274195
.293557
.314084
.336552
.356858
.378086
.399275
.403755
.409045
.413054
.417948
.421113
.422852
.427356
.431131
.433469
.437011
.440119
.442849
.445868
.448394
.452997
.45732
.460577
.463551
.467691
.470888
.474437
.479645
.48062
.484973
.48892
.493135
.497169
.501946
.505475
.511207
.515938
.522378
.527221
.534238
.539139
.544588
.548732
.553494
.557572
.563421
.569169
.573896
.579099
.585061
.589594
.593313
.598078
.637686
.678081
.706358
.72631
.745188
.764849
.78411
.802044
.811074
.821154
.831077
.83935
.849332
.858743
.867468
.877888
.886063
.895857
.90256
.910688
.919317
.92769
.93511
.942886
.950992
.958844
.966125
.974151
.980798
.986472
.994014
1.0104
1.0307
1.05149
1.07207
1.09171
1.11122
1.13117
1.14956
1.16896
1.18945
1.20212
1.20988
1.21746
1.22531
1.23319
1.24126
1.24832
1.2542
1.26179
1.2696
1.27648
1.28467
1.2931
1.30048
1.30688
1.31432
1.32206
1.33093
1.33825
1.34556
1.35404
1.36243
1.36922
1.37715
1.3848
1.38935
1.39638
1.41268
1.43629
1.45994
1.4829
1.50551
1.52423
1.54162
1.55909
1.57736
1.59615
1.61325
1.62916
1.6456
1.66275
1.68051
1.69789
1.72062
1.74214
1.7638
1.7863
1.80432
1.81881
1.83249
1.84851
1.86177
1.87712
1.88914
1.90397
1.91929
1.9322
1.94864
1.9634
1.97839
1.99214
 2.02763
 2.0679
 2.2013
 2.21396
 2.22669
 2.24018
 2.25374
 2.26619
 2.28071
 2.29632
 2.31205
 2.32825
 2.34463
 2.36019
 2.37759
 2.39466
 2.4635
 2.60183
 2.61675
 2.629
 2.64215
 2.65614
 2.6715
 2.68502
 2.69906
 2.71423
 2.72953
 2.74693
 2.76237
 2.77731
 2.79271
 2.80746
 2.82242
 2.83811
 2.8508
 2.86513
 2.87896
 2.89312
 2.90512
 2.91577
 2.92706
 2.93651
 2.94819
 2.96037
 2.96967
 2.98058
 2.98992
 2.99953
 3.01571
 3.03081
 3.0446
 3.05877
 3.0727
 3.0865
 3.10089
 3.11392
 3.12553
 3.13814
 3.15134
 3.16409
 3.17735
 3.19015
 3.20063
 3.20654
 3.2124
 3.21795
 3.2242
 3.23172
 3.2391
 3.24584
 3.25392
 3.26026
 3.26722
 3.27389
 3.28144
 3.29094
 3.29752
 3.30421
 3.31016
 3.31656
 3.32087
 3.32843
 3.33307
 3.33866
 3.34155
 3.34764
 3.35368
 3.35931
 3.36314
 3.36823
 3.3734
 3.37915
 3.38566
 3.39039
 3.39542
 3.39825
 3.41217
 3.42358
 3.43856
 3.45456
 3.46903
 3.48312
 3.4962
 3.50935
 3.52178
 3.53386
 3.54598
 3.55827
 3.57001
 3.58173
 3.59372
 3.60193
 3.60746
 3.61528
 3.62352
 3.63066
 3.63725
 3.64526
 3.65143
 3.65699
 3.66302
 3.67096
 3.67908
 3.68644
 3.69423
 3.70022
 3.70531
 3.71232
 3.7198
 3.7256
 3.7314
 3.73612
 3.74118
 3.74667
 3.75098
 3.75687
 3.76345
 3.76892
 3.77342
 3.77877
 3.78365
 3.78895
 3.79511
 3.80734
 3.82145
 3.83613
 3.85099
 3.86419
 3.87865
 3.89273
 3.90456
 3.91675
 3.92886
 3.9406
 3.95216
 3.9628
 3.97482
 3.98505
 3.99667
 4.0085
 4.02084
 4.03256
 4.04563
 4.05772
 4.06983
 4.08126
 4.09474
 4.10952
 4.12703
 4.14399
 4.16
 4.17594
 4.1913
 4.20405
 4.21715
 4.2258
 4.23773
 4.24781
 4.2586
 4.26808
 4.2797
 4.29177
 4.30388
 4.31651
 4.32758
 4.33836
 4.34945
 4.36005
 4.37144
 4.3843
 4.39628
 4.41594
 4.43611
 4.45605
 4.47461
 4.49473
 4.51466
 4.5361
 4.55934
 4.58137
 4.6011
 4.61144
 4.62199
 4.63397
 4.64631
 4.65782
 4.66926
 4.67882
 4.68982
 4.69964
 4.71284
 4.72521
 4.73709
 4.74888
 4.76115
 4.77468
 4.78737
 4.79989
 4.82706
 4.85591
 4.88332
 4.91464
 4.94978
 4.98363
 5.00397
 5.01645
 5.02627
 5.03836
 5.0514
 5.06363
 5.07511
 5.08579
 5.09854
 5.1125
 5.12617
 5.14039
 5.15384
 5.16563
 5.1775
 5.19156
 5.20438
 5.21579
 5.22636
 5.23925
 5.25149
 5.26337
 5.27596
 5.28824
 5.30124
 5.31024
 5.31985
 5.32903
 5.33709
 5.34698
 5.35684
 5.36707
 5.37758
 5.38814
 5.39717
 5.41364
 5.42928
 5.44428
 5.45956
 5.47456
 5.48931
 5.50476
 5.51848
 5.53301
 5.54829
 5.56414
 5.57754
 5.5925
 5.60256
 5.60948
 5.61537
 5.62405
 5.63017
 5.63666
 5.64374
 5.64987
 5.65677
 5.66243
 5.67091
 5.678
 5.68539
 5.69177
 5.70021
 5.70601
 5.71214
 5.71761
 5.7232
 5.73049
 5.73632
 5.74242
 5.74819
 5.7525
 5.75751
 5.76283
 5.77026
 5.77758
 5.7845
 5.78937
 5.79378
 5.79932
 5.81557
 5.83254
 5.84816
 5.86382
 5.87849
 5.89266
 5.90496
 5.91947
 5.93316
 5.94599
 5.95865
 5.97178
 5.98541
 5.99865
 6.00618
 6.01182
 6.01941
 6.02738
 6.03151
 6.03886
 6.04574
 6.05325
 6.05982
 6.0662
 6.07376
 6.08154
 6.08849
 6.09511
 6.10364
 6.10933
 6.11598
 6.12123
 6.12891
 6.13459
 6.14175
 6.14833
 6.15395
 6.16025
 6.16595
 6.17284
 6.17887
 6.18526
 6.19317
 6.19932
 6.21265
 6.22719
 6.24324
 6.25745
 6.27149
 6.28704
 6.30088
 6.31216
 6.32422
 6.33692
 6.35067
 6.36284
 6.37581
 6.38929
 6.40364
 6.41843
 6.43287
 6.44593
 6.46015
 6.47384
 6.48897
 6.50596
 6.52665
 6.54838
 6.57136
 6.59212
 6.60746
 6.62043
 6.63265
 6.64422
 6.65554
 6.66749
 6.68006
 6.69225
 6.70544
 6.71808
 6.72967
 6.74356
 6.7583
 6.77163
 6.78584
 6.7987
 6.83017
 6.86011
 6.89109
 7.0005
 7.01289
 7.02578
 7.03906
 7.05298
 7.06433
 7.07488
 7.08578
 7.09837
 7.11281
 7.12605
 7.142
 7.15711
 7.1726
 7.1863
 7.2061
 7.23915
 7.27251
 7.30589
 7.3396
 7.37426
 7.40194
 7.41455
 7.4268
 7.43814
 7.45057
 7.46231
 7.47572
 7.48775
 7.50061
 7.51552
 7.53135
 7.54618
 7.56024
 7.57574
 7.58936
 7.60286
 7.61472
 7.62715
 7.63719
 7.64925
 7.66048
 7.67188
 7.68213
 7.69508
 7.7036
 7.71383
 7.72161
 7.73018
 7.73887
 7.7473
 7.75805
 7.76914
 7.7785
 7.78919
 7.79802
 7.81223
 7.82738
 7.84259
 7.85609
 7.8705
 7.88511
 7.9002
 7.91457
 7.92801
 7.94244
 7.95489
 7.96908
 7.98283
 7.9963
 8.0035
 8.01111
 8.01775
 8.02344
 8.02942
 8.03642
 8.04419
 8.05112
 8.05765
 8.0625
 8.06719
 8.07301
 8.07931
 8.08571
 8.0917
 8.09798
 8.10342
 8.10992
 8.11592
 8.12074
 8.12458
 8.13078
 8.13785
 8.14419
 8.14887
 8.15411
 8.15913
 8.16476
 8.17119
 8.17831
 8.18277
 8.18738
 8.1931
 8.20024
 8.2131
 8.22904
 8.24413
 8.25737
 8.27171
 8.28495
 8.29977
 8.31305
 8.32584
 8.33873
 8.35155
 8.36451
 8.37632
 8.38922
 8.40033
 8.406
 8.41412
 8.42093
 8.42962
 8.43619
 8.4426
 8.45054
 8.45851
 8.46411
 8.47151
 8.4781
 8.48368
 8.48974
 8.49798
 8.50521
 8.51084
 8.51831
 8.5253
 8.53189
 8.53898
 8.54508
 8.55147
 8.55739
 8.56324
 8.57072
 8.57763
 8.58325
 8.59007
 8.5972
 8.6116
 8.62711
 8.64021
 8.65529
 8.66854
 8.68318
 8.69625
 8.70865
 8.72046
 8.73353
 8.74817
 8.75945
 8.77346
 8.78723
 8.80023
 8.81469
 8.83018
 8.84502
 8.85898
 8.87496
 8.8885
 8.90479
 8.92295
 8.94425
 8.9633
 8.98277
 9.00068
 9.01344
 9.02674
 9.03925
 9.05076
 9.06283
 9.07385
 9.08684
 9.09876
 9.11245
 9.12419
 9.13447
 9.14844
 9.16289
 9.17563
 9.18712
 9.19965
 9.22154
 9.24227
 9.26449
 9.2856
 9.31409
 9.34634
 9.38083
 9.40308
 9.4131
 9.42531
 9.43879
 9.44887
 9.46129
 9.47389
 9.48535
 9.49693
 9.50939
 9.52455
 9.53627
 9.54789
 9.56107
 9.57264
 9.58435
 9.59454
 9.61378
 9.63653
 9.65853
 9.68156
 9.70423
 9.72624
 9.74674
 9.76843
 9.789
 9.80362
 9.81269
 9.82546
 9.83617
 9.84655
 9.8571
 9.8669
 9.87924
 9.88995
 9.89944
 9.91138
 9.9229
 9.93382
 9.94494
 9.95682
 9.97014
 9.98135
 9.99193