.119706
.142135
.164306
.188906
.212407
.235936
.259827
.283827
.306476
.329616
.352985
.376342
.397881
.402161
.406824
.411131
.414972
.418744
.422962
.426828
.431026
.436161
.439373
.444123
.448078
.452829
.456071
.458173
.461458
.466325
.47215
.475516
.47916
.482978
.487069
.489826
.492833
.498637
.504817
.509438
.514875
.517868
.522965
.526041
.531434
.536184
.540008
.544407
.550997
.557048
.560426
.565176
.569121
.573912
.579901
.584016
.58699
.592773
.598027
.700901
.723797
.74682
.769844
.7926
.804457
.813741
.823432
.833904
.845268
.854597
.864677
.874783
.885577
.896028
.904199
.911902
.917424
.924821
.934879
.941487
.948521
.9555
.963152
.971451
.978729
.985603
.993081
1.00162
1.02971
1.06018
1.08854
1.11188
1.13539
1.15759
1.1808
1.2005
1.20904
1.21761
1.22409
1.23077
1.23877
1.2475
1.25661
1.26534
1.27287
1.28119
1.28809
1.29483
1.30193
1.30787
1.31422
1.32147
1.32712
1.33224
1.33944
1.34718
1.35507
1.36192
1.36815
1.37468
1.38239
1.38956
1.3962
1.42534
1.45292
1.48139
1.50778
1.53095
1.55173
1.57606
1.59806
1.6191
1.63866
1.65783
1.68061
1.71152
1.76142
1.80205
1.82236
1.84195
1.86097
1.88176
1.90059
1.92197
1.94337
1.96498
1.9856
 2.20813
 2.22553
 2.24172
 2.25806
 2.27431
 2.28965
 2.30829
 2.3301
 2.35227
 2.37319
 2.39496
 2.60826
 2.62612
 2.64399
 2.66008
 2.67593
 2.69229
 2.71253
 2.73557
 2.75755
 2.7794
 2.80059
 2.82267
 2.84332
 2.86585
 2.88796
 2.90423
 2.91594
 2.92904
 2.94122
 2.95359
 2.9648
 2.97824
 2.99125
 3.00997
 3.03232
 3.0554
 3.07834
 3.10004
 3.12263
 3.14389
 3.16464
 3.18735
 3.20214
 3.21012
 3.21707
 3.2222
 3.23013
 3.23608
 3.24281
 3.25161
 3.25981
 3.26879
 3.27653
 3.28501
 3.29383
 3.29951
 3.30659
 3.31244
 3.31641
 3.32303
 3.33006
 3.33672
 3.34409
 3.34916
 3.35578
 3.35983
 3.36644
 3.37376
 3.37968
 3.38602
 3.39218
 3.39994
 3.42946
 3.4604
 3.49024
 3.51196
 3.53164
 3.5539
 3.5746
 3.5959
 3.60418
 3.61346
 3.62089
 3.62822
 3.63644
 3.64338
 3.64932
 3.65656
 3.66251
 3.66894
 3.67666
 3.68351
 3.69093
 3.69859
 3.70526
 3.71098
 3.71834
 3.72431
 3.731
 3.73889
 3.74473
 3.75119
 3.7581
 3.76611
 3.77215
 3.77917
 3.78752
 3.79502
 3.80813
 3.83492
 3.86216
 3.89019
 3.91142
 3.93178
 3.95284
 3.9736
 3.99445
 4.01718
 4.04143
 4.06383
 4.08803
 4.14961
 4.2014
 4.2225
 4.24199
 4.26011
 4.27973
 4.299
 4.31966
 4.33984
 4.36054
 4.38103
 4.39997
 4.60711
 4.62249
 4.63601
 4.64964
 4.66625
 4.68264
 4.69839
 4.71742
 4.7366
 4.75783
 4.77806
 4.79836
 5.00665
 5.02315
 5.04044
 5.05662
 5.07306
 5.08937
 5.10467
 5.12496
 5.14508
 5.1664
 5.18788
 5.20718
 5.22519
 5.2412
 5.25888
 5.27604
 5.29348
 5.30569
 5.31472
 5.32614
 5.33756
 5.34893
 5.36104
 5.37172
 5.38441
 5.39363
 5.41206
 5.43317
 5.45594
 5.4767
 5.49946
 5.52181
 5.54105
 5.55998
 5.57983
 5.60016
 5.6066
 5.615
 5.62175
 5.63016
 5.63624
 5.64347
 5.65137
 5.65883
 5.66668
 5.67433
 5.68079
 5.68817
 5.69623
 5.7028
 5.70854
 5.71325
 5.71863
 5.72371
 5.72886
 5.73489
 5.74
 5.74834
 5.75415
 5.7597
 5.7643
 5.77016
 5.77566
 5.78132
 5.78778
 5.79441
 5.81913
 5.84742
 5.87682
 5.90283
 5.92137
 5.94232
 5.96443
 5.98319
 6.00081
 6.00811
 6.01756
 6.02424
 6.03216
 6.03999
 6.04809
 6.05462
 6.06342
 6.07062
 6.07599
 6.08226
 6.09023
 6.09733
 6.10411
 6.11084
 6.11712
 6.12416
 6.1303
 6.13696
 6.14477
 6.1506
 6.15748
 6.16552
 6.17259
 6.17972
 6.18524
 6.1913
 6.19939
 6.22763
 6.25405
 6.27975
 6.30414
 6.32544
 6.3456
 6.3667
 6.38694
 6.41288
 6.43954
 6.46624
 6.48938
 6.60066
 6.62087
 6.63928
 6.65712
 6.67595
 6.69472
 6.71657
 6.73533
 6.75513
 6.77537
 6.79674
 7.00739
 7.02081
 7.03461
 7.04952
 7.06312
 7.07877
 7.09281
 7.11325
 7.13352
 7.15656
 7.17538
 7.19722
 7.40719
 7.4235
 7.44216
 7.46008
 7.47745
 7.49461
 7.51278
 7.53352
 7.55347
 7.57424
 7.59593
 7.61215
 7.62885
 7.64547
 7.66053
 7.67628
 7.69336
 7.70512
 7.71495
 7.72341
 7.73441
 7.74594
 7.75673
 7.76547
 7.77633
 7.78747
 7.7986
 7.82246
 7.84611
 7.86856
 7.8923
 7.91158
 7.93217
 7.95546
 7.97719
 7.99849
 8.00499
 8.01189
 8.01906
 8.02786
 8.03684
 8.04307
 8.04957
 8.05694
 8.06453
 8.07213
 8.0789
 8.08803
 8.09429
 8.10169
 8.10804
 8.11322
 8.11796
 8.12357
 8.13019
 8.13691
 8.14467
 8.15063
 8.15737
 8.16435
 8.17145
 8.17755
 8.18291
 8.18882
 8.19443
 8.21873
 8.24741
 8.27682
 8.30343
 8.32504
 8.34848
 8.37059
 8.39236
 8.4037
 8.41048
 8.42002
 8.42949
 8.43864
 8.44602
 8.45303
 8.46227
 8.471
 8.47902
 8.48716
 8.49418
 8.50101
 8.50685
 8.51305
 8.52103
 8.52814
 8.53552
 8.54082
 8.54891
 8.55522
 8.56195
 8.56766
 8.5742
 8.58195
 8.59015
 8.59871
 8.62365
 8.65097
 8.6783
 8.70389
 8.72462
 8.74616
 8.76781
 8.78738
 8.81613
 8.84876
 8.88254
 9.00362
 9.02366
 9.04281
 9.06152
 9.08188
 9.09985
 9.12153
 9.14256
 9.16327
 9.18515
 9.40879
 9.42493
 9.44084
 9.45826
 9.47457
 9.49166
 9.51124
 9.53226
 9.55348
 9.57462
 9.59773
 9.80772
 9.82616
 9.84227
 9.8582
 9.87333
 9.88947
 9.90917
 9.93137
 9.95346
 9.97525
 9.99836