.119492
.141459
.161515
.18449
.206299
.228817
.252333
.274188
.295659
.319014
.339593
.360908
.385974
.400194
.404984
.409873
.412609
.416861
.422939
.426672
.431884
.436184
.441309
.444999
.448665
.452564
.457643
.462822
.46619
.469719
.4735
.47801
.482416
.485087
.490279
.491784
.495093
.498317
.504184
.508741
.514938
.521858
.526007
.529506
.53387
.538045
.544014
.549434
.5545
.561235
.566137
.571437
.57657
.581481
.585532
.589436
.594137
.599162
.700987
.724093
.745098
.769415
.793901
.805551
.814911
.82516
.835303
.846317
.857549
.867697
.87965
.890731
.900815
.906697
.915333
.921969
.929021
.936713
.944289
.950757
.956139
.962423
.970639
.975844
.98302
.990342
.997845
1.02661
1.05539
1.08508
1.11177
1.13385
1.15683
1.17891
1.20031
1.20843
1.21565
1.22187
1.23117
1.23859
1.24506
1.25358
1.26201
1.27206
1.28106
1.28808
1.29591
1.30205
1.30799
1.31539
1.32012
1.32753
1.33354
1.34356
1.34992
1.35759
1.36394
1.37197
1.37884
1.38662
1.39298
1.41346
1.44479
1.47521
1.50355
1.52457
1.54641
1.56949
1.59326
1.61538
1.6358
1.658
1.68107
1.73442
1.80071
1.82334
1.84545
1.86815
1.88889
1.9112
1.93388
1.9579
1.98038
2.2097
2.22535
2.2423
2.26039
2.27509
2.2915
2.31086
2.33224
2.35349
2.37524
2.39649
2.60945
2.62702
2.64374
2.66112
2.67852
2.69447
2.71692
2.74057
2.76356
2.78638
2.80745
2.82934
2.85233
2.87699
2.90023
2.91286
2.92534
2.93885
2.95417
2.96764
2.97981
2.99119
3.00407
3.02986
3.05382
3.07846
3.10124
3.12468
3.14605
3.16799
3.19245
3.20355
3.2112
3.21606
3.22584
3.23302
3.24069
3.24833
3.25451
3.26166
3.26985
3.27865
3.28569
3.29371
3.30012
3.30742
3.31328
3.3208
3.32578
3.33343
3.33962
3.34618
3.3525
3.35941
3.36641
3.37327
3.37769
3.38279
3.38903
3.39456
3.42795
3.46064
3.49188
3.51592
3.53787
3.5605
3.58273
3.60111
3.60845
3.61645
3.62379
3.63044
3.63809
3.64625
3.65393
3.6639
3.6723
3.68176
3.69041
3.69849
3.70394
3.7109
3.7175
3.72367
3.73126
3.73828
3.74582
3.7527
3.75867
3.76654
3.77165
3.77952
3.78725
3.79475
3.82324
3.85415
3.8848
3.91007
3.93308
3.95593
3.97873
4.00144
4.02794
4.05511
4.08041
4.2019
4.22381
4.24726
4.26926
4.29035
4.3127
4.33541
4.3578
4.38267
4.60969
4.62676
4.64379
4.65842
4.67625
4.6927
4.71339
4.7358
4.75989
4.78104
5.00929
5.02584
5.04194
5.05943
5.0789
5.09775
5.11926
5.14211
5.16459
5.18833
5.20853
5.22631
5.24497
5.26377
5.2828
5.30025
5.31292
5.32449
5.33691
5.34909
5.35981
5.37245
5.3847
5.39798
5.42148
5.44496
5.46961
5.49411
5.51772
5.53992
5.56247
5.58613
5.60133
5.60966
5.61791
5.62557
5.63296
5.64021
5.64922
5.65791
5.66559
5.67288
5.68181
5.68923
5.69675
5.70226
5.70683
5.71363
5.72067
5.72724
5.73421
5.74017
5.74469
5.75016
5.75573
5.76247
5.7699
5.77511
5.78241
5.7903
5.79677
5.82403
5.85696
5.8899
5.91372
5.93751
5.96237
5.98541
6.00173
6.01129
6.01938
6.02788
6.03544
6.04429
6.05125
6.06011
6.06772
6.07594
6.08432
6.09045
6.09669
6.10363
6.11103
6.11758
6.12325
6.13046
6.13771
6.14503
6.15092
6.15813
6.16471
6.17314
6.1794
6.18647
6.19534
6.22825
6.25896
6.29049
6.31545
6.33964
6.36311
6.3858
6.41436
6.44305
6.47182
6.60435
6.62578
6.64642
6.66693
6.68797
6.71127
6.73432
6.75727
6.77885
7.0099
7.02589
7.04156
7.05937
7.07648
7.0923
7.11341
7.13512
7.15767
7.18027
7.40927
7.42695
7.44519
7.46366
7.4812
7.49793
7.52054
7.54322
7.56642
7.58835
7.60754
7.62459
7.64131
7.65865
7.67632
7.69215
7.70347
7.71288
7.72411
7.73713
7.74669
7.75843
7.76851
7.77783
7.78777
7.79915
7.82375
7.84784
7.87172
7.89861
7.92104
7.94406
7.966
7.98818
8.00212
8.00898
8.01723
8.02316
8.03041
8.03853
8.04448
8.05173
8.05982
8.06749
8.07498
8.08164
8.08859
8.09671
8.10217
8.11009
8.11592
8.12264
8.12977
8.13624
8.14108
8.14492
8.14899
8.15629
8.16203
8.16945
8.17506
8.18108
8.18711
8.19389
8.19939
8.23307
8.26836
8.30013
8.32201
8.34419
8.36944
8.39205
8.40363
8.41175
8.4208
8.4293
8.43755
8.44639
8.4552
8.46231
8.46997
8.47874
8.48612
8.49518
8.50273
8.51224
8.51903
8.52613
8.53244
8.5399
8.54682
8.55397
8.56213
8.56844
8.57513
8.58197
8.58991
8.59672
8.62761
8.6581
8.68826
8.71305
8.73678
8.7602
8.78399
8.81928
8.85587
8.8942
9.00553
9.02625
9.04758
9.0662
9.08787
9.1108
9.13336
9.15543
9.17856
9.40979
9.42357
9.44167
9.45898
9.47785
9.49533
9.51801
9.5392
9.56198
9.58455
9.80922
9.82776
9.84629
9.8661
9.88373
9.9021
9.92567
9.94678
9.9709
9.99377