.119111
.138014
.15843
.180978
.200491
.214123
.227341
.242565
.257558
.272822
.286874
.301217
.323095
.344841
.367086
.388612
.400244
.403424
.407092
.412556
.416616
.418875
.422033
.425462
.431428
.433604
.438607
.441454
.445478
.449275
.454366
.45854
.463186
.466245
.471399
.473302
.476688
.479611
.483914
.488715
.493679
.496575
.49966
.504215
.50821
.510665
.515295
.518582
.522697
.524866
.527792
.531739
.536111
.540554
.543301
.546711
.55043
.556475
.56101
.564636
.568592
.573987
.58026
.58142
.585616
.589396
.59347
.597509
.599955
.704701
.723429
.744748
.765472
.785756
.802746
.81484
.826798
.838927
.850701
.861811
.87367
.885523
.897745
.909248
.920435
.932062
.943334
.956831
.968826
.980675
.993504
2.4091
2.41937
2.42904
2.43992
2.45108
2.46148
2.47248
2.48186
2.49333
2.50148
2.50765
2.5138
2.51941
2.52585
2.53155
2.53763
2.54417
2.55117
2.55729
2.56418
2.57253
2.57947
2.58453
2.59017
2.59567
2.80691
2.81375
2.82177
2.82965
2.83963
2.84597
2.85191
2.85862
2.86298
2.87136
2.87951
2.88792
2.89282
2.90074
2.90788
2.91469
2.9201
2.92769
2.93101
2.93532
2.94097
2.94564
2.9489
2.95525
2.96088
2.96791
2.97252
2.97535
2.98108
2.9874
2.99252
2.99787
3.20771
3.22149
3.23619
3.25099
3.26399
3.2775
3.29135
3.30393
3.31795
3.33028
3.34308
3.35627
3.37012
3.38437
3.39784
4.81659
4.82681
4.83776
4.85054
4.86201
4.87455
4.88764
4.89975
4.90893
4.91531
4.92252
4.92823
4.9356
4.94208
4.94792
4.95611
4.9636
4.97147
4.97803
4.98443
4.99038
4.99812
5.2093
5.21765
5.22374
5.23181
5.23864
5.24811
5.25653
5.2643
5.27246
5.27939
5.28779
5.29471
5.2998
5.30753
5.31351
5.3196
5.32609
5.33197
5.3371
5.34485
5.34954
5.35722
5.36249
5.36929
5.37629
5.3828
5.38788
5.39317
5.39955
7.2158
7.22786
7.23768
7.25094
7.26188
7.27279
7.28451
7.29735
7.30752
7.31983
7.33017
7.34134
7.35166
7.36124
7.37201
7.38351
7.39298
7.61103
7.61917
7.62632
7.63342
7.6426
7.65058
7.65656
7.6649
7.67259
7.68188
7.69042
7.69852
7.70433
7.71124
7.71514
7.72016
7.7251
7.73022
7.73568
7.74166
7.74914
7.75432
7.76164
7.76774
7.77495
7.78072
7.788
7.79423
7.79874
9.62549
9.64346
9.66136
9.67868
9.69715
