.119747
.141146
.163591
.185354
.20706
.229853
.252377
.2751
.297222
.320313
.343572
.366135
.388021
.400254
.404606
.407827
.41212
.416274
.421219
.425453
.429408
.432586
.436547
.44112
.445346
.448929
.451981
.454849
.459817
.463946
.467231
.471364
.475463
.480157
.482303
.485247
.487633
.490184
.491604
.496571
.498679
.502971
.508177
.512905
.517434
.520583
.52265
.52745
.531243
.535935
.539182
.542842
.546317
.549762
.554504
.558815
.563367
.568003
.571242
.575912
.578995
.58151
.586321
.589508
.592157
.593755
.597986
.707661
.73009
.753199
.776269
.799943
.809246
.818923
.827565
.84011
.851325
.86205
.872465
.881777
.891596
.903241
.914525
.927574
.939057
.951513
.961927
.973198
.983952
.995368
1.01821
1.04296
1.06795
1.09287
1.11727
1.14129
1.16631
1.1906
1.40978
1.42617
1.44278
1.45961
1.47608
1.49448
1.51778
1.54146
1.56391
1.58674
1.8092
1.82257
1.83677
1.85074
1.86489
1.87969
1.89353
1.91531
1.93766
1.95855
1.98078
2.205
2.22629
2.24578
2.26634
2.28465
2.30515
2.32548
2.34777
2.36864
2.3907
2.40289
2.40839
2.4153
2.4222
2.42909
2.43639
2.44401
2.45295
2.46127
2.46736
2.47338
2.47938
2.48517
2.49235
2.499
2.50594
2.51151
2.51559
2.52101
2.52709
2.53286
2.53822
2.54439
2.55002
2.55665
2.56281
2.56961
2.57563
2.58238
2.58651
2.59361
2.59883
2.63783
2.67645
2.70715
2.73101
2.75527
2.77773
2.8
2.8049
2.81223
2.81839
2.8245
2.83264
2.84095
2.84475
2.85161
2.85611
2.86103
2.86789
2.87445
2.87961
2.88717
2.89285
2.89858
2.90378
2.90721
2.91354
2.91875
2.92496
2.93045
2.93511
2.9396
2.94488
2.95063
2.95627
2.96149
2.9656
2.96923
2.97301
2.97873
2.98312
2.98813
2.99339
2.99814
3.03183
3.07844
3.10979
3.13295
3.15573
3.18042
3.20157
3.2108
3.22019
3.23021
3.23969
3.24945
3.25822
3.26577
3.27442
3.28354
3.29383
3.304
3.31366
3.32724
3.33839
3.34926
3.36033
3.37006
3.38236
3.39388
3.41812
3.4436
3.46955
3.4953
3.52022
3.54304
3.56639
3.59038
3.80958
3.82542
3.84021
3.85553
3.87029
3.88579
3.90386
3.92662
3.94809
3.97031
3.99091
4.20924
4.22151
4.23635
4.25164
4.26623
4.28038
4.29528
4.31794
4.34044
4.36244
4.38364
4.6027
4.62266
4.64538
4.66546
4.6844
4.7036
4.7243
4.74332
4.76335
4.78261
4.80091
4.80606
4.81297
4.81751
4.82533
4.83197
4.84197
4.84634
4.85415
4.86118
4.86765
4.87366
4.88059
4.88488
4.89158
4.89845
4.90341
4.90849
4.91273
4.9179
4.92259
4.93057
4.93749
4.94301
4.9484
4.95566
4.96134
4.96779
4.97382
4.97888
4.9841
4.98921
4.99479
4.99867
5.03601
5.07212
5.10463
5.1269
5.14978
5.17369
5.1967
5.20265
5.20898
5.21467
5.21899
5.22693
5.23342
5.23909
5.24522
5.25239
5.25728
5.2642
5.271
5.27594
5.28222
5.28757
5.29199
5.29736
5.30188
5.30604
5.31249
5.31693
5.32357
5.32943
5.33547
5.33959
5.34361
5.34941
5.35535
5.36087
5.36599
5.37304
5.37884
5.38466
5.38953
5.39351
5.39962
5.4486
5.49519
5.51867
5.54277
5.56603
5.58978
5.60475
5.61603
5.62785
5.63635
5.64708
5.65798
5.669
5.67933
5.68962
5.70247
5.71458
5.7272
5.73958
5.75144
5.76424
5.77682
5.7886
5.80092
5.82466
5.85042
5.87529
5.90098
5.924
5.94878
5.97538
6.2096
6.22488
6.24166
6.2593
6.27547
6.29167
6.31183
6.33414
6.35635
6.38081
6.60925
6.62438
6.64084
6.65352
6.66788
6.68286
6.69786
6.71971
6.74216
6.76637
6.78911
6.92438
6.97947
7.0082
7.02757
7.04775
7.06708
7.08921
7.10695
7.12522
7.1437
7.16265
7.18136
7.19998
7.20697
7.21374
7.21821
7.22575
7.23104
7.23824
7.24519
7.25148
7.25951
7.26655
7.27356
7.28133
7.28882
7.29732
7.30537
7.3127
7.3192
7.32577
7.33306
7.33937
7.34716
7.35423
7.36052
7.36757
7.37413
7.38017
7.38606
7.39392
7.39923
7.42936
7.45863
7.48802
7.51276
7.53593
7.55864
7.58251
7.60059
7.60501
7.61029
7.61496
7.62052
7.62634
7.63383
7.64045
7.64543
7.65151
7.65781
7.66454
7.6721
7.67861
7.68597
7.69256
7.70023
7.70483
7.71
7.71496
7.72044
7.72756
7.73158
7.73381
7.73951
7.74516
7.7511
7.75651
7.76264
7.76805
7.77581
7.78209
7.78835
7.79415
7.79917
7.84367
7.88864
7.91497
7.93799
7.9611
7.98492
8.00263
8.01309
8.02301
8.03559
8.04793
8.05741
8.06824
8.07922
8.08848
8.0995
8.11439
8.12957
8.14655
8.1609
8.17544
8.18963
8.2095
8.23414
8.25625
8.28093
8.30945
8.3386
8.37067
8.6025
8.62238
8.64305
8.66494
8.68571
8.70622
8.73119
8.75497
8.77813
9.00642
9.02585
9.04339
9.06347
9.08252
9.09991
9.12123
9.14345
9.16592
9.18855
9.30351
9.32876
9.35455
9.37894
9.40309
9.4249
9.44472
9.46445
9.48624
9.5031
9.51405
9.52366
9.53492
9.54504
9.55483
9.56607
9.57787
9.58846
9.59784
9.60469
9.61067
9.61633
9.62238
9.63036
9.635
9.64172
9.6475
9.6539
9.6609
9.66869
9.67517
9.68253
9.68799
9.6958
9.71654
9.74577
9.77516
9.80254
9.82575
9.84827
9.87058
9.89404
9.90406
9.91213
9.92109
9.92733
9.93637
9.94398
9.95168
9.96009
9.96672
9.97459
9.98281
9.99056
9.99823
